0 0.334961 0.997070 0.011719 0.005859
0 0.472168 0.996094 0.006836 0.007812
0 0.843750 0.995605 0.011719 0.008789
0 0.150391 0.995605 0.005859 0.008789
0 0.224609 0.995117 0.007812 0.009766
0 0.887695 0.994629 0.005859 0.010742
0 0.862793 0.994629 0.016602 0.010742
0 0.140137 0.994141 0.010742 0.011719
0 0.775879 0.993164 0.004883 0.011719
0 0.518066 0.993652 0.006836 0.012695
0 0.175293 0.993652 0.008789 0.012695
0 0.825684 0.993164 0.006836 0.013672
0 0.721680 0.992188 0.021484 0.011719
0 0.708008 0.993164 0.019531 0.013672
0 0.490723 0.992676 0.024414 0.014648
0 0.456055 0.992676 0.009766 0.014648
0 0.164551 0.992676 0.008789 0.014648
0 0.797363 0.990723 0.006836 0.012695
0 0.338867 0.989746 0.011719 0.010742
0 0.898438 0.991211 0.011719 0.017578
0 0.434082 0.991211 0.006836 0.017578
0 0.417480 0.991211 0.016602 0.017578
0 0.812012 0.990723 0.008789 0.018555
0 0.403809 0.984863 0.008789 0.010742
0 0.688477 0.984375 0.009766 0.011719
0 0.590820 0.979492 0.009766 0.005859
0 0.678711 0.983398 0.011719 0.015625
0 0.632324 0.978516 0.006836 0.007812
0 0.270020 0.980469 0.004883 0.011719
0 0.017578 0.987305 0.023438 0.025391
0 0.817383 0.979492 0.007812 0.011719
0 0.288574 0.986816 0.030273 0.026367
0 0.105957 0.986328 0.026367 0.027344
0 0.463379 0.976562 0.010742 0.013672
0 0.934570 0.976074 0.007812 0.014648
0 0.622559 0.976074 0.006836 0.016602
0 0.810059 0.969727 0.006836 0.007812
0 0.541992 0.971191 0.009766 0.010742
0 0.719238 0.968262 0.010742 0.006836
0 0.644531 0.971191 0.013672 0.012695
0 0.837891 0.975098 0.009766 0.022461
0 0.680176 0.969727 0.004883 0.011719
0 0.634277 0.967773 0.010742 0.007812
0 0.663574 0.970215 0.024414 0.014648
0 0.922852 0.966797 0.007812 0.011719
0 0.575684 0.965820 0.006836 0.009766
0 0.821289 0.968262 0.005859 0.016602
0 0.152832 0.975098 0.016602 0.032227
0 0.511230 0.963379 0.008789 0.012695
0 0.601074 0.963379 0.012695 0.014648
0 0.586426 0.959473 0.008789 0.008789
0 0.298828 0.966797 0.019531 0.023438
0 0.257812 0.977539 0.017578 0.044922
0 0.848633 0.973633 0.011719 0.039062
0 0.546387 0.957520 0.008789 0.006836
0 0.874512 0.970703 0.024414 0.035156
0 0.445312 0.966797 0.009766 0.027344
0 0.499023 0.957031 0.013672 0.009766
0 0.313965 0.958496 0.004883 0.012695
0 0.361816 0.958008 0.010742 0.013672
0 0.152832 0.954590 0.008789 0.006836
0 0.065918 0.958008 0.016602 0.013672
0 0.661133 0.954590 0.013672 0.008789
0 0.904297 0.967285 0.023438 0.040039
0 0.915039 0.956543 0.009766 0.020508
0 0.594727 0.950684 0.011719 0.008789
0 0.613770 0.952637 0.022461 0.018555
0 0.534180 0.952148 0.013672 0.017578
0 0.317871 0.946777 0.010742 0.008789
0 0.484863 0.946289 0.012695 0.009766
0 0.225586 0.955078 0.019531 0.027344
0 0.878418 0.947266 0.012695 0.013672
0 0.053223 0.947754 0.004883 0.014648
0 0.845703 0.947754 0.009766 0.016602
0 0.836426 0.947754 0.006836 0.016602
0 0.508789 0.946289 0.033203 0.015625
0 0.745605 0.944336 0.028320 0.013672
0 0.608398 0.941406 0.007812 0.007812
0 0.359375 0.941895 0.005859 0.008789
0 0.625488 0.940918 0.008789 0.008789
0 0.936035 0.946777 0.006836 0.022461
0 0.865723 0.945312 0.008789 0.019531
0 0.382324 0.947266 0.012695 0.023438
0 0.214355 0.944336 0.010742 0.021484
0 0.826172 0.939453 0.007812 0.013672
0 0.406738 0.937500 0.008789 0.011719
0 0.202637 0.940430 0.006836 0.017578
0 0.588867 0.940430 0.023438 0.019531
0 0.496094 0.933105 0.009766 0.006836
0 0.464355 0.936035 0.018555 0.014648
0 0.023926 0.944336 0.022461 0.031250
0 0.642578 0.941406 0.029297 0.029297
0 0.263184 0.942383 0.010742 0.031250
0 0.192871 0.942871 0.012695 0.034180
0 0.517090 0.927246 0.008789 0.006836
0 0.162109 0.937500 0.019531 0.027344
0 0.320801 0.930664 0.008789 0.015625
0 0.658203 0.933594 0.021484 0.023438
0 0.298340 0.940918 0.022461 0.038086
0 0.626465 0.925781 0.012695 0.011719
0 0.937500 0.925293 0.007812 0.012695
0 0.840820 0.926758 0.005859 0.015625
0 0.186035 0.924316 0.004883 0.010742
0 0.865723 0.923340 0.006836 0.010742
0 0.015137 0.923828 0.018555 0.011719
0 0.997559 0.922363 0.004883 0.010742
0 0.616211 0.924805 0.011719 0.017578
0 0.264648 0.921387 0.011719 0.010742
0 0.080566 0.926270 0.012695 0.020508
0 0.833984 0.926758 0.007812 0.023438
0 0.026855 0.919434 0.006836 0.008789
0 0.451660 0.918945 0.008789 0.009766
0 0.146484 0.918945 0.007812 0.011719
0 0.385742 0.921387 0.005859 0.020508
0 0.217773 0.921875 0.009766 0.021484
0 0.713867 0.914551 0.005859 0.008789
0 0.665039 0.914062 0.007812 0.007812
0 0.441406 0.916016 0.011719 0.011719
0 0.614746 0.912109 0.008789 0.005859
0 0.193848 0.913574 0.008789 0.010742
0 0.125977 0.912598 0.005859 0.008789
0 0.943359 0.916016 0.009766 0.019531
0 0.929688 0.913086 0.009766 0.013672
0 0.604492 0.911133 0.007812 0.009766
0 0.324219 0.912109 0.007812 0.011719
0 0.567871 0.910645 0.008789 0.010742
0 0.099121 0.914551 0.010742 0.020508
0 0.020996 0.909668 0.008789 0.010742
0 0.150391 0.907715 0.005859 0.008789
0 0.223633 0.908203 0.007812 0.011719
0 0.141113 0.906738 0.008789 0.010742
0 0.118652 0.905762 0.008789 0.008789
0 0.013184 0.910156 0.014648 0.019531
0 0.625488 0.910156 0.014648 0.021484
0 0.917480 0.918457 0.014648 0.040039
0 0.300781 0.918457 0.017578 0.040039
0 0.185547 0.903809 0.005859 0.010742
0 0.558105 0.907227 0.010742 0.019531
0 0.308594 0.902832 0.015625 0.010742
0 0.538574 0.902344 0.006836 0.015625
0 0.941406 0.898438 0.005859 0.009766
0 0.207520 0.902344 0.016602 0.017578
0 0.093262 0.898926 0.006836 0.010742
0 0.899414 0.902832 0.017578 0.022461
0 0.607422 0.895020 0.011719 0.006836
0 0.934082 0.897949 0.008789 0.014648
0 0.682617 0.896484 0.013672 0.011719
0 0.116211 0.894531 0.005859 0.009766
0 0.638184 0.905273 0.024414 0.033203
0 0.617676 0.898438 0.012695 0.019531
0 0.917969 0.895996 0.015625 0.016602
0 0.270508 0.893555 0.005859 0.011719
0 0.657715 0.891113 0.008789 0.008789
0 0.443359 0.890137 0.011719 0.008789
0 0.902344 0.891602 0.007812 0.013672
0 0.506348 0.889160 0.008789 0.008789
0 0.300781 0.891113 0.013672 0.012695
0 0.106934 0.898438 0.006836 0.027344
0 0.068848 0.890625 0.010742 0.013672
0 0.043457 0.887695 0.006836 0.007812
0 0.606445 0.884766 0.009766 0.005859
0 0.425781 0.885742 0.007812 0.007812
0 0.450195 0.886230 0.015625 0.010742
0 0.992676 0.886719 0.014648 0.013672
0 0.812012 0.888672 0.006836 0.017578
0 0.961914 0.882324 0.009766 0.010742
0 0.083008 0.883789 0.007812 0.015625
0 0.560059 0.879395 0.006836 0.008789
0 0.282715 0.884277 0.012695 0.018555
0 0.437500 0.878906 0.007812 0.009766
0 0.039551 0.893066 0.012695 0.038086
0 0.576660 0.879883 0.018555 0.013672
0 0.463867 0.879395 0.009766 0.012695
0 0.310547 0.880371 0.009766 0.018555
0 0.187500 0.878906 0.005859 0.015625
0 0.738281 0.875977 0.007812 0.011719
0 0.596680 0.875488 0.009766 0.010742
0 0.174316 0.873535 0.006836 0.008789
0 0.092773 0.879883 0.007812 0.021484
0 0.043457 0.875000 0.004883 0.011719
0 0.021484 0.885254 0.017578 0.034180
0 0.872070 0.872070 0.005859 0.009766
0 0.486816 0.872559 0.018555 0.010742
0 0.108887 0.875000 0.010742 0.015625
0 0.004883 0.881836 0.009766 0.031250
0 0.163086 0.874023 0.009766 0.019531
0 0.616699 0.867676 0.012695 0.008789
0 0.361816 0.869141 0.008789 0.011719
0 0.143555 0.880859 0.017578 0.035156
0 0.718262 0.868164 0.010742 0.011719
0 0.147461 0.865723 0.011719 0.008789
0 0.069336 0.871582 0.013672 0.020508
0 0.687500 0.879395 0.021484 0.038086
0 0.577148 0.868164 0.019531 0.015625
0 0.427246 0.867676 0.014648 0.018555
0 0.103027 0.862305 0.006836 0.007812
0 0.094238 0.864258 0.010742 0.013672
0 0.055176 0.874512 0.014648 0.034180
0 0.819336 0.880859 0.017578 0.048828
0 0.672852 0.861816 0.015625 0.010742
0 0.460938 0.858887 0.005859 0.008789
0 0.347656 0.861328 0.007812 0.015625
0 0.040527 0.861816 0.008789 0.016602
0 0.131348 0.857422 0.006836 0.009766
0 0.167480 0.857422 0.008789 0.011719
0 0.677246 0.852539 0.006836 0.007812
0 0.976562 0.854492 0.009766 0.013672
0 0.414551 0.852539 0.006836 0.009766
0 0.300293 0.854004 0.008789 0.012695
0 0.006836 0.857422 0.013672 0.019531
0 0.876953 0.852539 0.005859 0.013672
0 0.842773 0.857910 0.011719 0.024414
0 0.467773 0.852051 0.003906 0.012695
0 0.431641 0.851074 0.011719 0.010742
0 0.756348 0.849121 0.006836 0.010742
0 0.490723 0.847168 0.008789 0.006836
0 0.061035 0.851074 0.004883 0.014648
0 0.804199 0.857910 0.008789 0.030273
0 0.028809 0.858887 0.014648 0.032227
0 0.617676 0.845703 0.008789 0.007812
0 0.190430 0.848145 0.007812 0.014648
0 0.815430 0.846680 0.013672 0.017578
0 0.395508 0.848145 0.021484 0.020508
0 0.689941 0.848633 0.016602 0.023438
0 0.307129 0.840332 0.004883 0.010742
0 0.916992 0.838867 0.005859 0.009766
0 0.021973 0.839355 0.006836 0.014648
0 0.634766 0.836914 0.007812 0.011719
0 0.536621 0.841797 0.020508 0.021484
0 0.822266 0.835449 0.007812 0.010742
0 0.726562 0.835938 0.009766 0.011719
0 0.666992 0.836914 0.015625 0.013672
0 0.465332 0.841797 0.040039 0.023438
0 0.356445 0.836426 0.011719 0.012695
0 0.030273 0.835938 0.009766 0.011719
0 0.962891 0.844727 0.025391 0.033203
0 0.167969 0.832520 0.007812 0.010742
0 0.925293 0.830566 0.006836 0.010742
0 0.795898 0.833496 0.009766 0.016602
0 0.094238 0.829590 0.006836 0.008789
0 0.082520 0.830078 0.006836 0.009766
0 0.939453 0.830566 0.009766 0.012695
0 0.003418 0.831543 0.006836 0.014648
0 0.640137 0.827148 0.006836 0.007812
0 0.252930 0.828125 0.005859 0.009766
0 0.041016 0.836426 0.009766 0.026367
0 0.590332 0.825195 0.008789 0.005859
0 0.156738 0.833008 0.012695 0.021484
0 0.952148 0.826660 0.005859 0.010742
0 0.629883 0.823730 0.007812 0.008789
0 0.483398 0.824219 0.013672 0.013672
0 0.261719 0.826172 0.009766 0.017578
0 0.871094 0.826660 0.009766 0.020508
0 0.495605 0.821289 0.008789 0.009766
0 0.993652 0.843750 0.012695 0.056641
0 0.955566 0.817871 0.008789 0.006836
0 0.706055 0.818359 0.007812 0.007812
0 0.288574 0.820801 0.008789 0.012695
0 0.618652 0.825195 0.016602 0.023438
0 0.727539 0.820801 0.007812 0.016602
0 0.533691 0.817871 0.016602 0.010742
0 0.845215 0.816406 0.008789 0.009766
0 0.798340 0.814453 0.008789 0.005859
0 0.047852 0.820801 0.005859 0.018555
0 0.603516 0.817871 0.013672 0.020508
0 0.507812 0.817871 0.013672 0.020508
0 0.275391 0.817383 0.013672 0.019531
0 0.659668 0.813477 0.032227 0.013672
0 0.860352 0.810059 0.009766 0.010742
0 0.541016 0.807617 0.007812 0.007812
0 0.288574 0.807617 0.006836 0.009766
0 0.549316 0.806641 0.006836 0.009766
0 0.119141 0.807617 0.005859 0.011719
0 0.691406 0.819824 0.019531 0.038086
0 0.958496 0.805176 0.014648 0.010742
0 0.479004 0.807617 0.010742 0.015625
0 0.177246 0.806152 0.006836 0.014648
0 0.722656 0.802734 0.005859 0.009766
0 0.034668 0.802246 0.006836 0.008789
0 0.935059 0.803711 0.010742 0.015625
0 0.030762 0.812500 0.020508 0.033203
0 0.467773 0.798340 0.007812 0.006836
0 0.911621 0.807617 0.012695 0.027344
0 0.491699 0.797852 0.010742 0.007812
0 0.259766 0.802246 0.015625 0.016602
0 0.916016 0.797363 0.005859 0.010742
0 0.078613 0.797363 0.004883 0.010742
0 0.010254 0.796387 0.008789 0.008789
0 0.005371 0.809082 0.010742 0.034180
0 0.087891 0.801758 0.007812 0.021484
0 0.647461 0.794434 0.013672 0.008789
0 0.539551 0.795898 0.010742 0.011719
0 0.418945 0.802734 0.017578 0.027344
0 0.281250 0.793457 0.005859 0.008789
0 0.699219 0.792480 0.009766 0.010742
0 0.481445 0.791992 0.015625 0.011719
0 0.061035 0.791504 0.006836 0.010742
0 0.309082 0.795898 0.012695 0.021484
0 0.138672 0.790527 0.007812 0.010742
0 0.907227 0.788086 0.007812 0.007812
0 0.763672 0.787598 0.007812 0.006836
0 0.245117 0.791504 0.017578 0.014648
0 0.182617 0.789551 0.005859 0.010742
0 0.683594 0.787598 0.011719 0.008789
0 0.622070 0.799316 0.019531 0.032227
0 0.313965 0.786621 0.006836 0.010742
0 0.275391 0.792969 0.011719 0.025391
0 0.205078 0.794922 0.017578 0.029297
0 0.038086 0.784668 0.007812 0.008789
0 0.703613 0.784180 0.006836 0.009766
0 0.555664 0.789062 0.019531 0.019531
0 0.265137 0.785156 0.004883 0.011719
0 0.217773 0.787598 0.013672 0.016602
0 0.998047 0.790039 0.003906 0.023438
0 0.335938 0.784180 0.007812 0.011719
0 0.296875 0.781738 0.007812 0.006836
0 0.327148 0.791504 0.015625 0.028320
0 0.050293 0.788086 0.006836 0.021484
0 0.189941 0.784180 0.010742 0.015625
0 0.668945 0.778809 0.005859 0.008789
0 0.167969 0.778809 0.011719 0.010742
0 0.889160 0.779297 0.004883 0.013672
0 0.312988 0.776855 0.006836 0.008789
0 0.403320 0.775391 0.013672 0.011719
0 0.276855 0.777344 0.008789 0.015625
0 0.639160 0.783203 0.012695 0.029297
0 0.623047 0.774414 0.017578 0.011719
0 0.289062 0.781738 0.013672 0.026367
0 0.664551 0.771484 0.006836 0.007812
0 0.575195 0.774414 0.011719 0.013672
0 0.078125 0.778320 0.009766 0.021484
0 0.064941 0.776367 0.008789 0.017578
0 0.846191 0.776855 0.012695 0.020508
0 0.322266 0.770996 0.007812 0.008789
0 0.811035 0.775391 0.006836 0.023438
0 0.677246 0.765625 0.008789 0.005859
0 0.014160 0.778809 0.020508 0.032227
0 0.840332 0.783691 0.020508 0.045898
0 0.695312 0.771484 0.013672 0.021484
0 0.620117 0.764648 0.011719 0.009766
0 0.685547 0.761719 0.005859 0.009766
0 0.593750 0.767090 0.035156 0.020508
0 0.879883 0.763672 0.017578 0.015625
0 0.035645 0.758789 0.008789 0.007812
0 0.801270 0.765625 0.014648 0.025391
0 0.529297 0.761719 0.011719 0.017578
0 0.157715 0.758789 0.006836 0.011719
0 0.122559 0.759277 0.006836 0.012695
0 0.417969 0.758789 0.013672 0.013672
0 0.583496 0.753418 0.010742 0.008789
0 0.425781 0.753906 0.005859 0.009766
0 0.666504 0.756348 0.032227 0.016602
0 0.388672 0.751953 0.007812 0.011719
0 0.440430 0.748535 0.005859 0.008789
0 0.596680 0.747559 0.013672 0.010742
0 0.406250 0.747559 0.013672 0.012695
0 0.104980 0.750977 0.006836 0.021484
0 0.046387 0.745605 0.008789 0.010742
0 0.046387 0.758789 0.020508 0.037109
0 0.876465 0.745605 0.008789 0.012695
0 0.005859 0.755859 0.011719 0.033203
0 0.488770 0.743652 0.010742 0.010742
0 0.514648 0.745605 0.017578 0.016602
0 0.432129 0.743164 0.010742 0.011719
0 0.790039 0.741699 0.007812 0.010742
0 0.657227 0.742188 0.019531 0.011719
0 0.992676 0.748047 0.014648 0.029297
0 0.641113 0.739746 0.008789 0.012695
0 0.330566 0.740723 0.026367 0.018555
0 0.501465 0.736328 0.008789 0.011719
0 0.527832 0.733398 0.008789 0.015625
0 0.902832 0.736816 0.008789 0.024414
0 0.872559 0.730469 0.006836 0.011719
0 0.136230 0.729004 0.008789 0.008789
0 0.781250 0.727051 0.007812 0.008789
0 0.338379 0.727539 0.006836 0.009766
0 0.893555 0.728027 0.009766 0.012695
0 0.151367 0.726562 0.007812 0.009766
0 0.794922 0.727539 0.005859 0.013672
0 0.517090 0.725098 0.006836 0.008789
0 0.175781 0.724609 0.007812 0.007812
0 0.691895 0.722656 0.008789 0.007812
0 0.539062 0.727051 0.007812 0.016602
0 0.926758 0.725098 0.007812 0.014648
0 0.855957 0.735840 0.026367 0.036133
0 0.387695 0.726562 0.015625 0.017578
0 0.940430 0.728027 0.007812 0.022461
0 0.317871 0.722168 0.008789 0.016602
0 0.929688 0.717773 0.011719 0.011719
0 0.496094 0.720703 0.015625 0.017578
0 0.073242 0.718262 0.003906 0.012695
0 0.338379 0.716309 0.014648 0.010742
0 0.047363 0.725098 0.018555 0.030273
0 0.980957 0.713379 0.006836 0.010742
0 0.833496 0.716797 0.014648 0.017578
0 0.767090 0.714355 0.006836 0.012695
0 0.585449 0.712402 0.006836 0.008789
0 0.949707 0.718750 0.012695 0.023438
0 0.593262 0.712402 0.006836 0.010742
0 0.470703 0.711914 0.005859 0.009766
0 0.102539 0.722168 0.021484 0.030273
0 0.247559 0.713867 0.012695 0.015625
0 0.744629 0.715820 0.018555 0.021484
0 0.374512 0.710938 0.008789 0.011719
0 0.023926 0.734375 0.014648 0.058594
0 0.324219 0.708496 0.007812 0.008789
0 0.165527 0.718262 0.010742 0.028320
0 0.146973 0.710449 0.010742 0.012695
0 0.640625 0.708984 0.017578 0.013672
0 0.678223 0.708496 0.012695 0.014648
0 0.856934 0.718262 0.016602 0.038086
0 0.619141 0.707031 0.005859 0.015625
0 0.555176 0.713379 0.032227 0.028320
0 0.384766 0.706543 0.011719 0.014648
0 0.895996 0.708008 0.012695 0.019531
0 0.482422 0.706055 0.013672 0.015625
0 0.132812 0.707520 0.005859 0.018555
0 0.779785 0.708984 0.016602 0.023438
0 0.609375 0.703125 0.011719 0.011719
0 0.497559 0.704102 0.006836 0.013672
0 0.930664 0.706055 0.019531 0.019531
0 0.796387 0.700684 0.012695 0.008789
0 0.750977 0.700195 0.009766 0.009766
0 0.355469 0.703613 0.005859 0.018555
0 0.599121 0.701172 0.010742 0.015625
0 0.483398 0.696777 0.007812 0.006836
0 0.969727 0.704102 0.009766 0.023438
0 0.702637 0.706543 0.016602 0.028320
0 0.666992 0.695801 0.013672 0.006836
0 0.583984 0.699219 0.019531 0.013672
0 0.031738 0.715332 0.018555 0.045898
0 0.526367 0.698242 0.013672 0.013672
0 0.388184 0.695801 0.010742 0.008789
0 0.293945 0.714355 0.015625 0.045898
0 0.081543 0.698242 0.006836 0.013672
0 0.910156 0.699219 0.017578 0.017578
0 0.330078 0.694824 0.009766 0.008789
0 0.087402 0.694824 0.008789 0.008789
0 0.067871 0.693848 0.008789 0.008789
0 0.923340 0.691406 0.006836 0.007812
0 0.759766 0.696289 0.011719 0.017578
0 0.375977 0.690918 0.007812 0.006836
0 0.280762 0.695801 0.016602 0.016602
0 0.607422 0.692383 0.017578 0.011719
0 0.056152 0.693359 0.006836 0.013672
0 0.290527 0.688965 0.010742 0.006836
0 0.800781 0.690918 0.011719 0.014648
0 0.933594 0.688477 0.009766 0.011719
0 0.960938 0.689453 0.009766 0.015625
0 0.958496 0.702148 0.018555 0.041016
0 0.579590 0.686523 0.014648 0.009766
0 0.492676 0.688477 0.006836 0.015625
0 0.183105 0.699707 0.016602 0.038086
0 0.163086 0.687012 0.007812 0.012695
0 0.010742 0.687988 0.009766 0.014648
0 0.348145 0.683594 0.008789 0.007812
0 0.528320 0.682617 0.013672 0.007812
0 0.252441 0.685059 0.026367 0.012695
0 0.198242 0.687500 0.007812 0.017578
0 0.139160 0.689941 0.008789 0.022461
0 0.034180 0.693848 0.029297 0.032227
0 0.284180 0.681152 0.005859 0.008789
0 0.174805 0.682129 0.005859 0.010742
0 0.707031 0.678223 0.009766 0.006836
0 0.761230 0.682617 0.014648 0.017578
0 0.323730 0.680176 0.010742 0.012695
0 0.560059 0.675781 0.012695 0.005859
0 0.932129 0.675781 0.006836 0.007812
0 0.813477 0.676758 0.007812 0.009766
0 0.206055 0.676758 0.011719 0.009766
0 0.044434 0.686035 0.014648 0.028320
0 0.774902 0.675781 0.008789 0.011719
0 0.683594 0.687012 0.021484 0.034180
0 0.519531 0.673828 0.009766 0.007812
0 0.158203 0.686035 0.011719 0.032227
0 0.447754 0.671875 0.010742 0.007812
0 0.385742 0.679199 0.011719 0.022461
0 0.165527 0.673340 0.010742 0.010742
0 0.147461 0.675781 0.005859 0.017578
0 0.099609 0.680176 0.017578 0.028320
0 0.276855 0.669922 0.006836 0.009766
0 0.048340 0.673828 0.010742 0.017578
0 0.947266 0.667480 0.007812 0.006836
0 0.186035 0.669922 0.006836 0.011719
0 0.762695 0.668945 0.005859 0.011719
0 0.030762 0.670410 0.006836 0.014648
0 0.723145 0.667480 0.008789 0.010742
0 0.745117 0.672852 0.013672 0.023438
0 0.662109 0.665039 0.009766 0.007812
0 0.355469 0.669434 0.009766 0.018555
0 0.940918 0.677246 0.012695 0.036133
0 0.128418 0.670898 0.008789 0.023438
0 0.601562 0.670898 0.025391 0.025391
0 0.289551 0.670898 0.014648 0.025391
0 0.507812 0.666504 0.011719 0.020508
0 0.499512 0.662598 0.008789 0.012695
0 0.340332 0.666992 0.014648 0.021484
0 0.324707 0.663086 0.008789 0.013672
0 0.118164 0.661621 0.005859 0.010742
0 0.750488 0.663086 0.014648 0.015625
0 0.430664 0.667969 0.021484 0.025391
0 0.034668 0.660645 0.012695 0.012695
0 0.015137 0.671387 0.014648 0.034180
0 0.929688 0.658203 0.005859 0.009766
0 0.807617 0.659180 0.009766 0.015625
0 0.333984 0.653809 0.007812 0.008789
0 0.584473 0.652832 0.016602 0.010742
0 0.868652 0.655762 0.012695 0.020508
0 0.634277 0.650879 0.006836 0.010742
0 0.402344 0.650879 0.005859 0.010742
0 0.799805 0.652344 0.005859 0.015625
0 0.139160 0.652832 0.012695 0.016602
0 0.109863 0.648926 0.006836 0.010742
0 0.817383 0.656250 0.007812 0.027344
0 0.686035 0.646484 0.008789 0.007812
0 0.156738 0.653320 0.018555 0.027344
0 0.881348 0.650391 0.016602 0.025391
0 0.377441 0.649902 0.030273 0.024414
0 0.206055 0.652832 0.015625 0.030273
0 0.184570 0.643555 0.005859 0.011719
0 0.461914 0.642090 0.021484 0.010742
0 0.286133 0.647461 0.013672 0.021484
0 0.731934 0.655762 0.014648 0.040039
0 0.945801 0.639160 0.012695 0.008789
0 0.446289 0.638672 0.007812 0.007812
0 0.499023 0.638672 0.013672 0.009766
0 0.837402 0.652832 0.012695 0.040039
0 0.177246 0.655762 0.014648 0.047852
0 0.044922 0.642578 0.013672 0.021484
0 0.992188 0.634766 0.007812 0.009766
0 0.937500 0.645996 0.021484 0.032227
0 0.871582 0.637207 0.008789 0.014648
0 0.039551 0.633789 0.006836 0.007812
0 0.032227 0.636719 0.009766 0.013672
0 0.678223 0.634766 0.010742 0.011719
0 0.594238 0.635254 0.006836 0.012695
0 0.493652 0.640625 0.040039 0.023438
0 0.733398 0.642090 0.019531 0.028320
0 0.542969 0.633789 0.015625 0.011719
0 0.433594 0.638672 0.015625 0.021484
0 0.016113 0.640625 0.020508 0.025391
0 0.986816 0.646484 0.022461 0.039062
0 0.020020 0.635742 0.008789 0.017578
0 0.004395 0.639648 0.008789 0.025391
0 0.389648 0.632812 0.003906 0.013672
0 0.066406 0.637207 0.007812 0.022461
0 0.878418 0.629395 0.006836 0.008789
0 0.780762 0.634766 0.008789 0.019531
0 0.517578 0.633301 0.033203 0.016602
0 0.165039 0.635742 0.011719 0.021484
0 0.528809 0.628418 0.012695 0.010742
0 0.411621 0.636230 0.026367 0.028320
0 0.432129 0.624512 0.014648 0.006836
0 0.363770 0.628418 0.006836 0.014648
0 0.143066 0.626953 0.016602 0.013672
0 0.941406 0.622559 0.007812 0.006836
0 0.286133 0.624023 0.005859 0.009766
0 0.050781 0.624023 0.009766 0.013672
0 0.922852 0.634277 0.011719 0.038086
0 0.767578 0.631836 0.013672 0.035156
0 0.448730 0.623535 0.032227 0.018555
0 0.335449 0.617676 0.008789 0.006836
0 0.225586 0.625000 0.009766 0.021484
0 0.644531 0.615723 0.015625 0.004883
0 0.597656 0.623047 0.009766 0.019531
0 0.472168 0.620605 0.014648 0.014648
0 0.781250 0.617188 0.007812 0.013672
0 0.724609 0.615723 0.011719 0.010742
0 0.566406 0.617188 0.011719 0.013672
0 0.159668 0.616211 0.016602 0.015625
0 0.995605 0.619629 0.008789 0.024414
0 0.291504 0.610840 0.008789 0.008789
0 0.974609 0.610840 0.007812 0.010742
0 0.491699 0.616699 0.014648 0.022461
0 0.316406 0.614746 0.007812 0.018555
0 0.531738 0.610840 0.010742 0.012695
0 0.148926 0.612305 0.008789 0.015625
0 0.226074 0.607422 0.006836 0.009766
0 0.516602 0.610840 0.007812 0.018555
0 0.728516 0.612793 0.019531 0.024414
0 0.916016 0.606445 0.009766 0.013672
0 0.766113 0.606445 0.012695 0.013672
0 0.478027 0.603027 0.006836 0.010742
0 0.002930 0.603027 0.005859 0.012695
0 0.948730 0.602539 0.008789 0.013672
0 0.021484 0.610840 0.027344 0.032227
0 0.997070 0.602539 0.005859 0.019531
0 0.753418 0.601562 0.006836 0.017578
0 0.734375 0.597168 0.009766 0.008789
0 0.291992 0.596680 0.005859 0.009766
0 0.143555 0.597168 0.009766 0.012695
0 0.801758 0.593262 0.009766 0.008789
0 0.467285 0.592773 0.012695 0.007812
0 0.784180 0.594727 0.007812 0.013672
0 0.354492 0.601074 0.011719 0.026367
0 0.159668 0.593262 0.004883 0.010742
0 0.642578 0.594238 0.013672 0.014648
0 0.133301 0.591309 0.006836 0.008789
0 0.032227 0.601074 0.033203 0.028320
0 0.199707 0.594238 0.012695 0.016602
0 0.490234 0.589355 0.009766 0.008789
0 0.234375 0.589355 0.007812 0.008789
0 0.937988 0.591309 0.010742 0.014648
0 0.462402 0.597656 0.020508 0.029297
0 0.076660 0.586426 0.006836 0.010742
0 0.055664 0.603027 0.021484 0.043945
0 0.702148 0.588867 0.007812 0.017578
0 0.596191 0.587402 0.018555 0.014648
0 0.768066 0.582520 0.008789 0.008789
0 0.673340 0.585938 0.012695 0.015625
0 0.976074 0.583008 0.010742 0.011719
0 0.634277 0.581543 0.008789 0.008789
0 0.104004 0.583496 0.006836 0.012695
0 0.036621 0.581055 0.008789 0.007812
0 0.225098 0.587402 0.008789 0.022461
0 0.927734 0.588379 0.009766 0.026367
0 0.613281 0.584961 0.007812 0.019531
0 0.474121 0.582520 0.014648 0.018555
0 0.093262 0.589355 0.006836 0.032227
0 0.083008 0.577637 0.005859 0.008789
0 0.461426 0.577637 0.006836 0.010742
0 0.019043 0.582031 0.028320 0.023438
0 0.003418 0.575195 0.006836 0.009766
0 0.786621 0.583984 0.010742 0.031250
0 0.219727 0.573730 0.005859 0.010742
0 0.948242 0.583984 0.017578 0.033203
0 0.916016 0.571777 0.007812 0.008789
0 0.659668 0.576660 0.008789 0.018555
0 0.407227 0.577637 0.009766 0.022461
0 0.061035 0.575195 0.008789 0.017578
0 0.742676 0.574707 0.006836 0.018555
0 0.422852 0.580566 0.019531 0.030273
0 0.993164 0.580078 0.013672 0.031250
0 0.814453 0.569336 0.005859 0.009766
0 0.125488 0.584961 0.016602 0.041016
0 0.929688 0.568848 0.015625 0.010742
0 0.902344 0.572754 0.011719 0.018555
0 0.875488 0.575195 0.010742 0.025391
0 0.452148 0.565918 0.011719 0.006836
0 0.101562 0.568359 0.007812 0.011719
0 0.474609 0.566406 0.017578 0.009766
0 0.798340 0.571777 0.008789 0.022461
0 0.731445 0.565430 0.005859 0.009766
0 0.969238 0.565918 0.004883 0.012695
0 0.555176 0.567383 0.010742 0.015625
0 0.988770 0.564453 0.006836 0.011719
0 0.952148 0.562500 0.007812 0.007812
0 0.807129 0.571289 0.010742 0.025391
0 0.648926 0.574219 0.016602 0.031250
0 0.381348 0.565918 0.020508 0.016602
0 0.337891 0.561035 0.009766 0.008789
0 0.025879 0.561035 0.004883 0.010742
0 0.889160 0.569824 0.008789 0.030273
0 0.675781 0.565430 0.013672 0.021484
0 0.661133 0.560059 0.005859 0.010742
0 0.528320 0.567871 0.009766 0.028320
0 0.707520 0.557617 0.006836 0.009766
0 0.444336 0.569336 0.019531 0.033203
0 0.378418 0.554688 0.008789 0.005859
0 0.041992 0.565430 0.021484 0.029297
0 0.604004 0.560059 0.018555 0.020508
0 0.123535 0.559082 0.012695 0.018555
0 0.239746 0.566895 0.024414 0.036133
0 0.109863 0.568359 0.016602 0.039062
0 0.941895 0.552734 0.012695 0.011719
0 0.035645 0.550781 0.008789 0.011719
0 0.314941 0.545410 0.008789 0.006836
0 0.092773 0.549805 0.009766 0.017578
0 0.924316 0.550293 0.008789 0.020508
0 0.455566 0.550293 0.016602 0.020508
0 0.120117 0.544434 0.009766 0.008789
0 0.882324 0.545898 0.006836 0.013672
0 0.931641 0.542480 0.005859 0.008789
0 0.333008 0.542969 0.007812 0.009766
0 0.567383 0.542969 0.007812 0.011719
0 0.429688 0.550781 0.013672 0.027344
0 0.913086 0.550781 0.009766 0.029297
0 0.663574 0.544434 0.010742 0.016602
0 0.206055 0.550293 0.017578 0.036133
0 0.648438 0.535645 0.005859 0.008789
0 0.053223 0.536133 0.008789 0.009766
0 0.995117 0.534668 0.009766 0.010742
0 0.104492 0.534668 0.009766 0.010742
0 0.141602 0.540039 0.013672 0.023438
0 0.300781 0.529785 0.011719 0.006836
0 0.673340 0.542969 0.018555 0.035156
0 0.383789 0.541016 0.019531 0.031250
0 0.166504 0.535645 0.012695 0.022461
0 0.035156 0.536133 0.035156 0.025391
0 0.445312 0.530273 0.009766 0.015625
0 0.220703 0.525879 0.007812 0.006836
0 0.398926 0.528809 0.004883 0.014648
0 0.013184 0.531738 0.014648 0.020508
0 0.922363 0.528809 0.010742 0.016602
0 0.494141 0.526367 0.007812 0.011719
0 0.586426 0.540039 0.020508 0.041016
0 0.555176 0.522949 0.006836 0.008789
0 0.807129 0.537109 0.018555 0.039062
0 0.528809 0.526855 0.004883 0.018555
0 0.091309 0.527344 0.008789 0.019531
0 0.288574 0.522461 0.006836 0.011719
0 0.052734 0.519531 0.009766 0.007812
0 0.303223 0.520508 0.014648 0.011719
0 0.878418 0.518555 0.006836 0.009766
0 0.830078 0.518555 0.005859 0.009766
0 0.425781 0.518066 0.015625 0.008789
0 0.913574 0.517578 0.006836 0.009766
0 0.702148 0.519531 0.013672 0.013672
0 0.537598 0.519043 0.010742 0.012695
0 0.402832 0.516602 0.006836 0.009766
0 0.421875 0.523438 0.027344 0.025391
0 0.220703 0.515137 0.007812 0.008789
0 0.147949 0.520020 0.022461 0.018555
0 0.558594 0.513672 0.009766 0.009766
0 0.932617 0.512695 0.005859 0.009766
0 0.029785 0.514648 0.008789 0.013672
0 0.172363 0.514648 0.008789 0.019531
0 0.388672 0.511230 0.005859 0.014648
0 0.073242 0.514648 0.027344 0.021484
0 0.046387 0.509277 0.012695 0.010742
0 0.987793 0.507324 0.006836 0.008789
0 0.337402 0.509277 0.006836 0.012695
0 0.015625 0.513672 0.015625 0.021484
0 0.814453 0.505371 0.005859 0.008789
0 0.505371 0.507324 0.012695 0.012695
0 0.229492 0.504395 0.011719 0.010742
0 0.124512 0.507324 0.010742 0.016602
0 0.103027 0.508789 0.006836 0.019531
0 0.567383 0.518555 0.017578 0.042969
0 0.349121 0.505859 0.010742 0.017578
0 0.437012 0.499512 0.010742 0.006836
0 0.147461 0.505371 0.007812 0.018555
0 0.018066 0.501465 0.010742 0.010742
0 0.238281 0.496094 0.005859 0.009766
0 0.977539 0.499023 0.007812 0.017578
0 0.301758 0.497559 0.011719 0.014648
0 0.228027 0.493164 0.008789 0.005859
0 0.608398 0.495605 0.007812 0.012695
0 0.476562 0.498047 0.013672 0.017578
0 0.089355 0.496094 0.006836 0.013672
0 0.870605 0.504395 0.018555 0.032227
0 0.514648 0.495605 0.007812 0.014648
0 0.430664 0.491699 0.011719 0.008789
0 0.484863 0.490723 0.008789 0.008789
0 0.372559 0.500488 0.024414 0.028320
0 0.202637 0.490723 0.006836 0.008789
0 0.128906 0.491699 0.009766 0.010742
0 0.038086 0.493164 0.013672 0.013672
0 0.286133 0.494141 0.013672 0.017578
0 0.164062 0.497559 0.007812 0.024414
0 0.994629 0.489258 0.010742 0.017578
0 0.961426 0.485840 0.008789 0.010742
0 0.303223 0.483887 0.008789 0.006836
0 0.250000 0.492188 0.007812 0.031250
0 0.058105 0.489746 0.014648 0.026367
0 0.723145 0.488281 0.016602 0.027344
0 0.100586 0.479004 0.005859 0.008789
0 0.166504 0.477539 0.008789 0.007812
0 0.466309 0.476562 0.008789 0.011719
0 0.306152 0.475098 0.008789 0.008789
0 0.933594 0.475098 0.009766 0.010742
0 0.869629 0.478516 0.008789 0.017578
0 0.429688 0.477051 0.011719 0.014648
0 0.217285 0.477539 0.004883 0.015625
0 0.547852 0.481445 0.017578 0.025391
0 0.433105 0.475098 0.008789 0.012695
0 0.343262 0.476074 0.014648 0.014648
0 0.044922 0.473145 0.007812 0.008789
0 0.960938 0.479492 0.021484 0.025391
0 0.767090 0.474609 0.014648 0.015625
0 0.451660 0.469238 0.006836 0.008789
0 0.773438 0.468262 0.015625 0.008789
0 0.568848 0.469727 0.006836 0.011719
0 0.315430 0.469238 0.005859 0.010742
0 0.992188 0.468750 0.009766 0.011719
0 0.417969 0.467773 0.013672 0.009766
0 0.847168 0.467285 0.004883 0.010742
0 0.293945 0.471680 0.007812 0.021484
0 0.263672 0.463867 0.009766 0.005859
0 0.194336 0.468750 0.009766 0.017578
0 0.501465 0.471680 0.012695 0.027344
0 0.478516 0.471680 0.007812 0.027344
0 0.976074 0.476562 0.022461 0.039062
0 0.253906 0.465332 0.009766 0.018555
0 0.235352 0.473633 0.021484 0.035156
0 0.220703 0.467285 0.009766 0.022461
0 0.028320 0.463867 0.005859 0.015625
0 0.981445 0.460938 0.005859 0.011719
0 0.064453 0.458496 0.007812 0.006836
0 0.856934 0.458984 0.008789 0.009766
0 0.085449 0.467285 0.014648 0.026367
0 0.525879 0.457520 0.008789 0.008789
0 0.163086 0.460938 0.007812 0.015625
0 0.008789 0.456055 0.013672 0.009766
0 0.939453 0.464355 0.021484 0.028320
0 0.805176 0.454590 0.006836 0.008789
0 0.514160 0.463379 0.010742 0.026367
0 0.032227 0.455078 0.013672 0.011719
0 0.996094 0.454102 0.007812 0.015625
0 0.204590 0.458984 0.016602 0.027344
0 0.451172 0.455078 0.015625 0.021484
0 0.985840 0.447266 0.008789 0.007812
0 0.790039 0.453613 0.011719 0.020508
0 0.238770 0.452637 0.016602 0.018555
0 0.640625 0.448730 0.011719 0.014648
0 0.219727 0.447754 0.009766 0.012695
0 0.468262 0.450195 0.008789 0.019531
0 0.819824 0.444824 0.004883 0.010742
0 0.543945 0.450684 0.021484 0.022461
0 0.020020 0.444824 0.008789 0.010742
0 0.285645 0.444336 0.006836 0.011719
0 0.272949 0.458984 0.020508 0.041016
0 0.508789 0.437988 0.007812 0.006836
0 0.191895 0.440918 0.006836 0.012695
0 0.446777 0.437500 0.006836 0.009766
0 0.633301 0.438477 0.006836 0.013672
0 0.515625 0.434570 0.005859 0.009766
0 0.647461 0.436035 0.009766 0.014648
0 0.247070 0.439453 0.015625 0.021484
0 0.991699 0.436035 0.016602 0.016602
0 0.806641 0.437500 0.013672 0.021484
0 0.974609 0.431641 0.009766 0.011719
0 0.180176 0.437500 0.014648 0.023438
0 0.691406 0.435059 0.013672 0.020508
0 0.227539 0.431641 0.009766 0.015625
0 0.562500 0.436035 0.017578 0.026367
0 0.214844 0.427246 0.005859 0.008789
0 0.633301 0.426270 0.010742 0.008789
0 0.425293 0.427734 0.004883 0.011719
0 0.294434 0.442871 0.016602 0.043945
0 0.262207 0.426758 0.008789 0.017578
0 0.514648 0.422363 0.011719 0.010742
0 0.403320 0.429199 0.015625 0.026367
0 0.268555 0.421387 0.007812 0.010742
0 0.489746 0.438477 0.010742 0.046875
0 0.659668 0.423828 0.018555 0.019531
0 0.545410 0.425781 0.020508 0.023438
0 0.131836 0.425781 0.011719 0.023438
0 0.280273 0.427246 0.017578 0.028320
0 0.124512 0.423340 0.008789 0.022461
0 0.523438 0.416504 0.007812 0.012695
0 0.009277 0.425293 0.018555 0.030273
0 0.897949 0.416016 0.006836 0.013672
0 0.833984 0.422363 0.011719 0.026367
0 0.110840 0.424316 0.014648 0.032227
0 0.176270 0.416016 0.008789 0.017578
0 0.677734 0.419922 0.011719 0.027344
0 0.552734 0.411133 0.007812 0.011719
0 0.146973 0.411133 0.004883 0.011719
0 0.625000 0.409668 0.007812 0.010742
0 0.046387 0.411621 0.016602 0.014648
0 0.925781 0.410156 0.011719 0.013672
0 0.276367 0.409180 0.013672 0.013672
0 0.020508 0.409668 0.015625 0.014648
0 0.992676 0.406250 0.008789 0.009766
0 0.728516 0.408203 0.007812 0.013672
0 0.561035 0.405762 0.006836 0.008789
0 0.989746 0.413574 0.020508 0.028320
0 0.714355 0.410156 0.018555 0.025391
0 0.543945 0.403320 0.005859 0.011719
0 0.702637 0.415527 0.018555 0.038086
0 0.264648 0.405273 0.011719 0.017578
0 0.616211 0.400879 0.007812 0.010742
0 0.495605 0.399902 0.006836 0.008789
0 0.183105 0.403809 0.008789 0.016602
0 0.830566 0.399902 0.010742 0.012695
0 0.906250 0.405273 0.011719 0.025391
0 0.249023 0.397949 0.009766 0.010742
0 0.925781 0.399902 0.017578 0.016602
0 0.596680 0.395996 0.007812 0.010742
0 0.426270 0.397461 0.006836 0.013672
0 0.584961 0.395020 0.007812 0.010742
0 0.202148 0.395508 0.009766 0.011719
0 0.552734 0.395020 0.007812 0.014648
0 0.093750 0.393066 0.013672 0.010742
0 0.495605 0.404297 0.020508 0.035156
0 0.015625 0.392090 0.009766 0.012695
0 0.927246 0.392090 0.022461 0.014648
0 0.217773 0.390625 0.009766 0.011719
0 0.439453 0.388672 0.013672 0.009766
0 0.177734 0.388672 0.011719 0.009766
0 0.005371 0.395996 0.010742 0.024414
0 0.797852 0.387207 0.007812 0.012695
0 0.812500 0.395996 0.025391 0.036133
0 0.739258 0.383789 0.013672 0.011719
0 0.865234 0.383789 0.007812 0.013672
0 0.202148 0.380371 0.007812 0.006836
0 0.118652 0.392578 0.012695 0.033203
0 0.902832 0.380859 0.012695 0.013672
0 0.705566 0.383789 0.014648 0.019531
0 0.544434 0.381348 0.006836 0.014648
0 0.212891 0.377441 0.007812 0.006836
0 0.573242 0.378418 0.007812 0.010742
0 0.235840 0.383789 0.008789 0.023438
0 0.007324 0.375977 0.008789 0.009766
0 0.267090 0.386230 0.020508 0.032227
0 0.087402 0.377930 0.014648 0.015625
0 0.560059 0.371582 0.006836 0.008789
0 0.420410 0.373535 0.012695 0.012695
0 0.155273 0.370117 0.009766 0.009766
0 0.101074 0.380371 0.018555 0.030273
0 0.020020 0.374023 0.006836 0.017578
0 0.453613 0.376465 0.016602 0.024414
0 0.166992 0.369629 0.011719 0.012695
0 0.890625 0.365723 0.011719 0.008789
0 0.369629 0.367188 0.008789 0.011719
0 0.339844 0.367188 0.009766 0.011719
0 0.915039 0.365723 0.005859 0.010742
0 0.488770 0.372559 0.006836 0.024414
0 0.433105 0.370117 0.012695 0.019531
0 0.309570 0.365723 0.009766 0.010742
0 0.031738 0.375000 0.018555 0.029297
0 0.533691 0.370117 0.012695 0.021484
0 0.516113 0.373047 0.010742 0.027344
0 0.692383 0.361816 0.009766 0.006836
0 0.466309 0.365723 0.008789 0.014648
0 0.219238 0.363770 0.006836 0.010742
0 0.327637 0.361816 0.006836 0.008789
0 0.231445 0.362305 0.007812 0.009766
0 0.412109 0.361328 0.007812 0.009766
0 0.385742 0.371094 0.015625 0.029297
0 0.347656 0.360352 0.009766 0.013672
0 0.122559 0.364258 0.012695 0.021484
0 0.749023 0.364258 0.021484 0.023438
0 0.023438 0.356934 0.009766 0.010742
0 0.931152 0.355957 0.004883 0.010742
0 0.435059 0.355957 0.004883 0.010742
0 0.063477 0.361328 0.013672 0.021484
0 0.847656 0.364746 0.027344 0.030273
0 0.469727 0.353516 0.009766 0.007812
0 0.390625 0.359375 0.007812 0.019531
0 0.478516 0.366211 0.013672 0.035156
0 0.420410 0.352539 0.008789 0.007812
0 0.198242 0.354004 0.005859 0.010742
0 0.732422 0.363281 0.007812 0.031250
0 0.562500 0.349609 0.009766 0.007812
0 0.296875 0.353516 0.009766 0.015625
0 0.919922 0.359863 0.015625 0.030273
0 0.454590 0.349609 0.006836 0.009766
0 0.094727 0.355957 0.023438 0.022461
0 0.052734 0.352539 0.009766 0.015625
0 0.552246 0.351074 0.004883 0.014648
0 0.004883 0.354492 0.009766 0.021484
0 0.759766 0.350586 0.009766 0.017578
0 0.354004 0.352539 0.012695 0.021484
0 0.260742 0.350098 0.009766 0.016602
0 0.171387 0.348145 0.004883 0.012695
0 0.164551 0.348145 0.006836 0.012695
0 0.071777 0.349609 0.020508 0.019531
0 0.746094 0.347656 0.011719 0.017578
0 0.475586 0.344727 0.005859 0.011719
0 0.312012 0.345215 0.006836 0.014648
0 0.380859 0.345703 0.009766 0.017578
0 0.506836 0.346191 0.013672 0.022461
0 0.408691 0.338379 0.008789 0.008789
0 0.913086 0.337402 0.005859 0.008789
0 0.858398 0.339355 0.003906 0.012695
0 0.290527 0.355957 0.018555 0.045898
0 0.903320 0.351074 0.009766 0.040039
0 0.366699 0.345215 0.016602 0.028320
0 0.707520 0.338867 0.014648 0.019531
0 0.302734 0.338379 0.009766 0.020508
0 0.191895 0.336914 0.016602 0.019531
0 0.595215 0.332520 0.008789 0.012695
0 0.890137 0.330078 0.006836 0.009766
0 0.755371 0.330566 0.006836 0.014648
0 0.528320 0.340332 0.009766 0.034180
0 0.991699 0.333008 0.016602 0.021484
0 0.867188 0.340820 0.013672 0.037109
0 0.272461 0.343750 0.015625 0.042969
0 0.231934 0.327637 0.006836 0.010742
0 0.401367 0.329102 0.011719 0.015625
0 0.056152 0.329102 0.010742 0.015625
0 0.145996 0.324219 0.008789 0.009766
0 0.120117 0.330566 0.017578 0.022461
0 0.726562 0.332520 0.019531 0.028320
0 0.046387 0.331055 0.022461 0.025391
0 0.942383 0.330078 0.029297 0.025391
0 0.696289 0.327637 0.019531 0.020508
0 0.389160 0.321777 0.006836 0.008789
0 0.224121 0.327148 0.006836 0.019531
0 0.193359 0.324707 0.019531 0.014648
0 0.322266 0.326172 0.009766 0.019531
0 0.287598 0.325195 0.014648 0.017578
0 0.163086 0.328613 0.015625 0.024414
0 0.460449 0.317871 0.010742 0.006836
0 0.902344 0.322754 0.011719 0.018555
0 0.746094 0.317871 0.007812 0.008789
0 0.060547 0.319824 0.011719 0.012695
0 0.015625 0.331543 0.025391 0.036133
0 0.500000 0.319336 0.013672 0.013672
0 0.354004 0.324219 0.012695 0.023438
0 0.289062 0.317871 0.005859 0.010742
0 0.966309 0.314941 0.006836 0.008789
0 0.614258 0.322754 0.015625 0.024414
0 0.234375 0.314941 0.005859 0.008789
0 0.738770 0.322266 0.018555 0.025391
0 0.482910 0.316406 0.014648 0.015625
0 0.049316 0.312988 0.006836 0.008789
0 0.947754 0.316895 0.030273 0.020508
0 0.921875 0.317871 0.017578 0.022461
0 0.880371 0.312012 0.008789 0.010742
0 0.454102 0.310059 0.007812 0.006836
0 0.227051 0.311523 0.004883 0.011719
0 0.264160 0.310059 0.004883 0.010742
0 0.074707 0.327148 0.018555 0.044922
0 0.870117 0.314941 0.009766 0.022461
0 0.724121 0.312012 0.006836 0.016602
0 0.340332 0.322266 0.020508 0.037109
0 0.515137 0.321289 0.014648 0.037109
0 0.249023 0.321289 0.023438 0.037109
0 0.505371 0.308105 0.010742 0.012695
0 0.331543 0.307129 0.008789 0.010742
0 0.279297 0.306641 0.011719 0.009766
0 0.356934 0.303223 0.006836 0.012695
0 0.041016 0.307129 0.007812 0.020508
0 0.902832 0.308105 0.018555 0.024414
0 0.063965 0.304199 0.006836 0.016602
0 0.751953 0.303711 0.007812 0.017578
0 0.011230 0.300781 0.006836 0.015625
0 0.299316 0.309082 0.020508 0.034180
0 0.254395 0.296875 0.008789 0.009766
0 0.924805 0.296875 0.011719 0.011719
0 0.288086 0.294922 0.007812 0.009766
0 0.022949 0.306152 0.018555 0.032227
0 0.277344 0.294434 0.005859 0.012695
0 0.622070 0.293457 0.007812 0.012695
0 0.054688 0.291504 0.005859 0.008789
0 0.905762 0.294922 0.010742 0.019531
0 0.043945 0.293457 0.011719 0.018555
0 0.865234 0.291016 0.011719 0.019531
0 0.260254 0.290039 0.008789 0.017578
0 0.502930 0.283203 0.007812 0.007812
0 0.645996 0.282715 0.016602 0.008789
0 0.886719 0.296875 0.015625 0.039062
0 0.459961 0.283691 0.013672 0.012695
0 0.442383 0.281250 0.015625 0.007812
0 0.360352 0.287109 0.009766 0.019531
0 0.760742 0.289551 0.017578 0.026367
0 0.395996 0.283203 0.010742 0.013672
0 0.557617 0.281250 0.007812 0.011719
0 0.788086 0.284668 0.007812 0.020508
0 0.770508 0.279785 0.005859 0.016602
0 0.084473 0.284668 0.016602 0.026367
0 0.012207 0.276855 0.004883 0.010742
0 0.341309 0.283691 0.024414 0.030273
0 0.024902 0.271484 0.006836 0.009766
0 0.905273 0.272461 0.013672 0.013672
0 0.123535 0.293457 0.014648 0.055664
0 0.222656 0.283203 0.009766 0.037109
0 0.617188 0.276367 0.009766 0.025391
0 0.498047 0.268555 0.005859 0.009766
0 0.854492 0.277832 0.009766 0.030273
0 0.352051 0.266113 0.014648 0.006836
0 0.277344 0.274902 0.019531 0.024414
0 0.043457 0.271973 0.008789 0.020508
0 0.776855 0.270020 0.006836 0.020508
0 0.258789 0.269531 0.015625 0.019531
0 0.069336 0.277344 0.019531 0.035156
0 0.011719 0.264648 0.005859 0.009766
0 0.092285 0.259766 0.006836 0.007812
0 0.759277 0.263672 0.010742 0.017578
0 0.562500 0.258301 0.005859 0.008789
0 0.420898 0.259277 0.003906 0.012695
0 0.411133 0.258301 0.007812 0.010742
0 0.286621 0.259277 0.008789 0.014648
0 0.273926 0.260742 0.008789 0.017578
0 0.764648 0.254883 0.011719 0.015625
0 0.324219 0.261230 0.011719 0.028320
0 0.293457 0.251465 0.006836 0.008789
0 0.077148 0.253906 0.015625 0.017578
0 0.530762 0.255371 0.028320 0.022461
0 0.495605 0.246094 0.006836 0.011719
0 0.752441 0.245605 0.006836 0.012695
0 0.850098 0.248535 0.010742 0.022461
0 0.604980 0.242188 0.004883 0.015625
0 0.279297 0.246094 0.007812 0.027344
0 0.259277 0.241699 0.014648 0.018555
0 0.776855 0.242188 0.006836 0.021484
0 0.094238 0.242188 0.006836 0.021484
0 0.769043 0.236328 0.008789 0.013672
0 0.756836 0.236328 0.013672 0.013672
0 0.693359 0.235352 0.011719 0.015625
0 0.874023 0.233887 0.013672 0.014648
0 0.633789 0.230957 0.005859 0.008789
0 0.499023 0.230957 0.005859 0.008789
0 0.642578 0.235840 0.005859 0.020508
0 0.145508 0.231445 0.009766 0.011719
0 0.621094 0.243652 0.023438 0.038086
0 0.535645 0.236328 0.020508 0.023438
0 0.269531 0.234863 0.011719 0.020508
0 0.330566 0.228027 0.006836 0.008789
0 0.213867 0.233398 0.019531 0.021484
0 0.200684 0.226562 0.006836 0.007812
0 0.979004 0.220703 0.006836 0.007812
0 0.277832 0.221191 0.008789 0.008789
0 0.342773 0.221680 0.005859 0.011719
0 0.607910 0.225098 0.012695 0.020508
0 0.239746 0.218750 0.006836 0.007812
0 0.176270 0.229004 0.018555 0.028320
0 0.622559 0.215820 0.006836 0.007812
0 0.254883 0.221680 0.011719 0.019531
0 0.044434 0.222168 0.008789 0.020508
0 0.376465 0.213867 0.010742 0.011719
0 0.229004 0.219727 0.024414 0.023438
0 0.661621 0.210938 0.006836 0.007812
0 0.185547 0.223633 0.017578 0.033203
0 0.092773 0.208008 0.011719 0.007812
0 0.678711 0.206055 0.015625 0.007812
0 0.385742 0.205078 0.007812 0.007812
0 0.243164 0.209961 0.011719 0.017578
0 0.910645 0.210449 0.014648 0.022461
0 0.617188 0.203125 0.009766 0.007812
0 0.008301 0.205566 0.008789 0.012695
0 0.605469 0.206543 0.021484 0.016602
0 0.052734 0.210938 0.013672 0.025391
0 0.020020 0.204102 0.004883 0.011719
0 0.446289 0.201660 0.009766 0.008789
0 0.454590 0.199707 0.008789 0.008789
0 0.401855 0.203613 0.008789 0.016602
0 0.082520 0.197754 0.012695 0.006836
0 0.036621 0.202148 0.008789 0.019531
0 0.915527 0.197754 0.008789 0.014648
0 0.645996 0.199707 0.020508 0.018555
0 0.692871 0.192871 0.010742 0.008789
0 0.211426 0.198730 0.028320 0.020508
0 0.765137 0.193848 0.006836 0.012695
0 0.472656 0.191406 0.007812 0.007812
0 0.231934 0.194336 0.008789 0.013672
0 0.257812 0.193848 0.009766 0.014648
0 0.172852 0.199219 0.011719 0.025391
0 0.442383 0.189941 0.005859 0.008789
0 0.896484 0.188965 0.007812 0.008789
0 0.627930 0.188477 0.009766 0.007812
0 0.545410 0.192871 0.016602 0.016602
0 0.460449 0.188477 0.012695 0.009766
0 0.027832 0.199219 0.010742 0.035156
0 0.951660 0.193848 0.020508 0.026367
0 0.133789 0.186035 0.007812 0.010742
0 0.917480 0.186035 0.012695 0.014648
0 0.435059 0.183105 0.008789 0.008789
0 0.863281 0.182617 0.011719 0.011719
0 0.707520 0.179688 0.010742 0.007812
0 0.071289 0.187500 0.017578 0.023438
0 0.739746 0.188965 0.028320 0.028320
0 0.585938 0.183105 0.009766 0.018555
0 0.421387 0.180176 0.010742 0.012695
0 0.325684 0.178223 0.010742 0.010742
0 0.261230 0.178711 0.010742 0.011719
0 0.601074 0.183594 0.012695 0.025391
0 0.167969 0.175781 0.005859 0.009766
0 0.155762 0.194336 0.018555 0.050781
0 0.443359 0.174316 0.015625 0.012695
0 0.134766 0.171875 0.005859 0.011719
0 0.124023 0.180176 0.015625 0.030273
0 0.408203 0.175781 0.025391 0.025391
0 0.098145 0.172852 0.008789 0.019531
0 0.303223 0.171875 0.012695 0.019531
0 0.399414 0.165527 0.005859 0.008789
0 0.215332 0.174316 0.022461 0.026367
0 0.061035 0.167969 0.010742 0.013672
0 0.497070 0.164551 0.005859 0.008789
0 0.144531 0.171387 0.007812 0.022461
0 0.309570 0.167969 0.011719 0.017578
0 0.321777 0.162598 0.006836 0.008789
0 0.755859 0.160645 0.007812 0.006836
0 0.133789 0.161133 0.007812 0.007812
0 0.014160 0.176270 0.012695 0.038086
0 0.023926 0.160156 0.008789 0.013672
0 0.210449 0.157227 0.014648 0.009766
0 0.670898 0.154785 0.011719 0.006836
0 0.165039 0.158691 0.009766 0.014648
0 0.704102 0.153320 0.009766 0.005859
0 0.305176 0.152832 0.008789 0.006836
0 0.195801 0.153809 0.010742 0.010742
0 0.472168 0.149902 0.008789 0.006836
0 0.185547 0.149414 0.007812 0.009766
0 0.070801 0.151367 0.004883 0.013672
0 0.062500 0.150879 0.005859 0.012695
0 0.002930 0.152832 0.005859 0.016602
0 0.220703 0.150879 0.013672 0.014648
0 0.513672 0.153320 0.023438 0.023438
0 0.467773 0.144531 0.009766 0.005859
0 0.251465 0.145020 0.004883 0.010742
0 0.104980 0.143555 0.006836 0.007812
0 0.713867 0.142578 0.009766 0.007812
0 0.981445 0.141113 0.009766 0.006836
0 0.266113 0.149414 0.010742 0.023438
0 0.210449 0.142090 0.006836 0.008789
0 0.117676 0.150879 0.012695 0.026367
0 0.009277 0.146973 0.018555 0.018555
0 0.810547 0.142578 0.007812 0.013672
0 0.779297 0.141602 0.007812 0.021484
0 0.185059 0.136230 0.012695 0.014648
0 0.227539 0.138184 0.007812 0.020508
0 0.717285 0.132324 0.010742 0.012695
0 0.240234 0.136230 0.009766 0.020508
0 0.957520 0.130859 0.010742 0.011719
0 0.948242 0.136230 0.007812 0.022461
0 0.572266 0.145996 0.015625 0.041992
0 0.096680 0.136719 0.007812 0.023438
0 0.854492 0.128906 0.007812 0.011719
0 0.170410 0.127930 0.006836 0.011719
0 0.086426 0.136719 0.018555 0.029297
0 0.768066 0.130371 0.016602 0.022461
0 0.754883 0.123535 0.007812 0.010742
0 0.069824 0.122070 0.008789 0.009766
0 0.799316 0.126953 0.026367 0.021484
0 0.945312 0.119141 0.007812 0.007812
0 0.513672 0.123047 0.031250 0.017578
0 0.217773 0.119629 0.009766 0.010742
0 0.098633 0.125977 0.017578 0.023438
0 0.655762 0.125000 0.024414 0.025391
0 0.193848 0.129883 0.020508 0.035156
0 0.126953 0.117676 0.005859 0.010742
0 0.994629 0.116699 0.006836 0.010742
0 0.138672 0.115234 0.017578 0.009766
0 0.223633 0.111816 0.009766 0.006836
0 0.062988 0.124512 0.014648 0.034180
0 0.623535 0.110352 0.006836 0.007812
0 0.195801 0.111328 0.006836 0.009766
0 0.084961 0.109375 0.005859 0.009766
0 0.666504 0.107910 0.012695 0.008789
0 0.401855 0.108887 0.006836 0.010742
0 0.961426 0.110352 0.006836 0.015625
0 0.041504 0.107422 0.006836 0.009766
0 0.205566 0.117188 0.012695 0.033203
0 0.150879 0.104492 0.006836 0.007812
0 0.515137 0.106445 0.008789 0.015625
0 0.854492 0.100586 0.017578 0.009766
0 0.580566 0.106934 0.022461 0.022461
0 0.349609 0.101074 0.007812 0.010742
0 0.646484 0.103027 0.013672 0.016602
0 0.176758 0.099609 0.007812 0.013672
0 0.882324 0.097656 0.006836 0.011719
0 0.631836 0.104004 0.023438 0.024414
0 0.945312 0.094238 0.015625 0.008789
0 0.797852 0.097656 0.021484 0.015625
0 0.773926 0.103027 0.032227 0.026367
0 0.588379 0.107422 0.018555 0.035156
0 0.525391 0.096191 0.005859 0.014648
0 0.073242 0.095215 0.007812 0.016602
0 0.877930 0.091797 0.013672 0.015625
0 0.508789 0.090820 0.011719 0.013672
0 0.996582 0.087402 0.006836 0.008789
0 0.794922 0.086914 0.017578 0.007812
0 0.688477 0.085938 0.009766 0.009766
0 0.521484 0.084473 0.009766 0.006836
0 0.008301 0.097656 0.016602 0.033203
0 0.655273 0.087891 0.035156 0.015625
0 0.941406 0.082520 0.007812 0.006836
0 0.865234 0.087891 0.007812 0.019531
0 0.853027 0.088379 0.016602 0.020508
0 0.028320 0.082031 0.007812 0.007812
0 0.397949 0.081055 0.006836 0.007812
0 0.134766 0.083496 0.011719 0.012695
0 0.359863 0.081055 0.010742 0.009766
0 0.059570 0.082520 0.005859 0.012695
0 0.952148 0.081543 0.009766 0.012695
0 0.578613 0.081543 0.006836 0.012695
0 0.528809 0.078125 0.008789 0.005859
0 0.473633 0.076660 0.013672 0.006836
0 0.762695 0.075684 0.011719 0.006836
0 0.619629 0.076172 0.012695 0.007812
0 0.496582 0.075684 0.010742 0.006836
0 0.416504 0.081543 0.026367 0.018555
0 0.823242 0.073730 0.011719 0.004883
0 0.734375 0.081543 0.015625 0.020508
0 0.920898 0.073730 0.007812 0.006836
0 0.548340 0.076172 0.010742 0.013672
0 0.810547 0.080566 0.011719 0.024414
0 0.562500 0.072754 0.009766 0.010742
0 0.517578 0.073730 0.007812 0.012695
0 0.338379 0.073242 0.012695 0.011719
0 0.939941 0.072754 0.004883 0.012695
0 0.751465 0.070312 0.006836 0.007812
0 0.097168 0.083008 0.014648 0.033203
0 0.313965 0.069336 0.006836 0.007812
0 0.135742 0.070801 0.009766 0.010742
0 0.690430 0.071777 0.007812 0.016602
0 0.928223 0.071777 0.012695 0.018555
0 0.523926 0.067871 0.004883 0.010742
0 0.479492 0.065918 0.007812 0.006836
0 0.043457 0.066406 0.006836 0.007812
0 0.451172 0.066895 0.007812 0.010742
0 0.186523 0.065430 0.007812 0.007812
0 0.976562 0.064941 0.007812 0.012695
0 0.904297 0.082520 0.015625 0.049805
0 0.835938 0.062500 0.011719 0.009766
0 0.697754 0.062988 0.004883 0.010742
0 0.679199 0.062988 0.004883 0.010742
0 0.871094 0.067383 0.019531 0.021484
0 0.661133 0.067871 0.025391 0.022461
0 0.343750 0.062988 0.009766 0.012695
0 0.934082 0.061035 0.012695 0.012695
0 0.822266 0.062988 0.011719 0.018555
0 0.753418 0.057617 0.012695 0.007812
0 0.688965 0.058105 0.006836 0.008789
0 0.498047 0.061035 0.005859 0.014648
0 0.332031 0.059082 0.007812 0.010742
0 0.436035 0.057617 0.010742 0.009766
0 0.507812 0.058105 0.005859 0.012695
0 0.389160 0.056152 0.004883 0.010742
0 0.676270 0.052246 0.010742 0.006836
0 0.901855 0.051758 0.010742 0.007812
0 0.802734 0.056152 0.025391 0.018555
0 0.829102 0.051270 0.005859 0.010742
0 0.342773 0.050781 0.009766 0.009766
0 0.254395 0.047852 0.008789 0.007812
0 0.006836 0.061523 0.013672 0.035156
0 0.653809 0.052246 0.014648 0.018555
0 0.457031 0.053223 0.017578 0.020508
0 0.318848 0.048340 0.012695 0.012695
0 0.531738 0.048340 0.006836 0.014648
0 0.956055 0.056152 0.011719 0.034180
0 0.584473 0.048828 0.016602 0.019531
0 0.406250 0.047852 0.013672 0.017578
0 0.331055 0.045898 0.005859 0.013672
0 0.229492 0.053711 0.019531 0.031250
0 0.085449 0.043945 0.014648 0.013672
0 0.813965 0.043945 0.020508 0.015625
0 0.780273 0.041992 0.009766 0.011719
0 0.911621 0.041016 0.006836 0.011719
0 0.663574 0.039551 0.008789 0.008789
0 0.470215 0.043945 0.012695 0.017578
0 0.346680 0.040039 0.005859 0.009766
0 0.289551 0.049316 0.010742 0.030273
0 0.415527 0.039062 0.006836 0.011719
0 0.017578 0.052734 0.011719 0.039062
0 0.929199 0.046387 0.032227 0.028320
0 0.448242 0.037598 0.015625 0.010742
0 0.529297 0.036133 0.011719 0.009766
0 0.428711 0.037109 0.007812 0.011719
0 0.508301 0.038574 0.014648 0.016602
0 0.801758 0.035156 0.007812 0.011719
0 0.458984 0.037598 0.005859 0.016602
0 0.323730 0.036133 0.014648 0.015625
0 0.896973 0.032227 0.006836 0.009766
0 0.779785 0.031738 0.010742 0.008789
0 0.952637 0.031738 0.008789 0.010742
0 0.831055 0.033203 0.003906 0.013672
0 0.678711 0.038574 0.013672 0.024414
0 0.649902 0.029785 0.006836 0.008789
0 0.043457 0.033203 0.008789 0.017578
0 0.838379 0.029297 0.008789 0.011719
0 0.099609 0.029297 0.011719 0.013672
0 0.927246 0.025879 0.012695 0.008789
0 0.481934 0.032715 0.020508 0.026367
0 0.082520 0.028809 0.008789 0.018555
0 0.005371 0.027832 0.010742 0.016602
0 0.780273 0.023438 0.013672 0.009766
0 0.072754 0.021973 0.006836 0.008789
0 0.023438 0.033691 0.025391 0.032227
0 0.863770 0.022461 0.010742 0.015625
0 0.831055 0.019043 0.013672 0.008789
0 0.510254 0.021973 0.018555 0.014648
0 0.794922 0.019043 0.005859 0.010742
0 0.255371 0.020996 0.008789 0.018555
0 0.091309 0.015625 0.008789 0.007812
0 0.697266 0.021973 0.033203 0.026367
0 0.515625 0.013672 0.011719 0.009766
0 0.495605 0.014160 0.010742 0.012695
0 0.481445 0.012207 0.005859 0.008789
0 0.300293 0.013672 0.004883 0.011719
0 0.059570 0.020020 0.019531 0.024414
0 0.956543 0.016113 0.012695 0.024414
0 0.802734 0.008301 0.009766 0.008789
0 0.646484 0.007324 0.007812 0.006836
0 0.204102 0.008789 0.011719 0.009766
0 0.889648 0.006348 0.007812 0.006836
0 0.817871 0.023926 0.012695 0.041992
0 0.161133 0.007324 0.011719 0.008789
0 0.042480 0.013672 0.016602 0.021484
0 0.027832 0.017578 0.020508 0.029297
0 0.929199 0.010742 0.010742 0.017578
0 0.763672 0.009766 0.011719 0.015625
0 0.997070 0.007324 0.005859 0.014648
0 0.978027 0.011719 0.026367 0.023438
0 0.938477 0.011719 0.009766 0.023438
0 0.910645 0.002930 0.010742 0.005859
0 0.874512 0.009277 0.016602 0.018555
0 0.857910 0.002930 0.008789 0.005859
0 0.728516 0.012695 0.031250 0.025391
0 0.690430 0.003418 0.015625 0.006836
0 0.614746 0.004395 0.006836 0.008789
0 0.536621 0.011230 0.020508 0.022461
0 0.515625 0.003418 0.017578 0.006836
0 0.499023 0.004395 0.007812 0.008789
0 0.453613 0.014648 0.028320 0.029297
0 0.432617 0.009277 0.017578 0.018555
0 0.409180 0.017578 0.025391 0.035156
0 0.293945 0.005859 0.005859 0.011719
0 0.242188 0.003418 0.009766 0.006836
0 0.237305 0.016602 0.027344 0.033203
0 0.056641 0.005371 0.009766 0.010742
0 0.004883 0.004883 0.009766 0.009766
