0 0.014648 0.996582 0.017578 0.006836
0 0.031250 0.996094 0.009766 0.007812
0 0.849121 0.995117 0.012695 0.009766
0 0.694824 0.993652 0.008789 0.006836
0 0.125488 0.995117 0.006836 0.009766
0 0.995117 0.994629 0.009766 0.010742
0 0.254395 0.994629 0.012695 0.010742
0 0.112793 0.994629 0.010742 0.010742
0 0.056641 0.994629 0.005859 0.010742
0 0.788086 0.994141 0.013672 0.011719
0 0.093262 0.993652 0.010742 0.012695
0 0.507324 0.993164 0.004883 0.013672
0 0.437012 0.990234 0.006836 0.007812
0 0.618652 0.992676 0.010742 0.014648
0 0.466309 0.992676 0.012695 0.014648
0 0.416504 0.992188 0.006836 0.015625
0 0.832031 0.991699 0.015625 0.016602
0 0.898438 0.991211 0.007812 0.017578
0 0.981445 0.990723 0.009766 0.018555
0 0.498047 0.990723 0.007812 0.018555
0 0.398926 0.987305 0.012695 0.013672
0 0.100098 0.990234 0.018555 0.019531
0 0.064453 0.989746 0.007812 0.020508
0 0.240723 0.982422 0.006836 0.007812
0 0.304199 0.988770 0.018555 0.022461
0 0.213867 0.982910 0.007812 0.010742
0 0.836914 0.981445 0.007812 0.011719
0 0.293945 0.983887 0.005859 0.016602
0 0.316406 0.980957 0.003906 0.012695
0 0.959473 0.983887 0.006836 0.020508
0 0.460449 0.978027 0.006836 0.012695
0 0.195801 0.976562 0.008789 0.009766
0 0.452148 0.984375 0.011719 0.031250
0 0.184082 0.975586 0.004883 0.015625
0 0.061035 0.972656 0.006836 0.009766
0 0.084961 0.971680 0.007812 0.009766
0 0.987793 0.973145 0.006836 0.016602
0 0.310059 0.970703 0.004883 0.011719
0 0.764160 0.967285 0.008789 0.008789
0 0.366699 0.966309 0.006836 0.008789
0 0.163086 0.965820 0.011719 0.007812
0 0.005371 0.977539 0.010742 0.031250
0 0.828613 0.968262 0.006836 0.014648
0 0.700195 0.974121 0.015625 0.032227
0 0.471191 0.961426 0.008789 0.008789
0 0.389648 0.978027 0.019531 0.043945
0 0.250488 0.962891 0.004883 0.013672
0 0.969238 0.972656 0.022461 0.035156
0 0.718262 0.959961 0.006836 0.009766
0 0.834473 0.958496 0.008789 0.012695
0 0.446289 0.961426 0.011719 0.020508
0 0.669922 0.954590 0.009766 0.008789
0 0.207520 0.974609 0.016602 0.050781
0 0.121094 0.955078 0.007812 0.011719
0 0.955078 0.961426 0.027344 0.028320
0 0.243652 0.950195 0.006836 0.007812
0 0.639648 0.958984 0.015625 0.029297
0 0.029785 0.954102 0.012695 0.019531
0 0.657227 0.947754 0.005859 0.008789
0 0.312500 0.953613 0.009766 0.020508
0 0.402832 0.946777 0.006836 0.008789
0 0.253418 0.948242 0.004883 0.011719
0 0.041016 0.948242 0.005859 0.011719
0 0.429688 0.946289 0.005859 0.009766
0 0.132324 0.945801 0.006836 0.008789
0 0.826172 0.946289 0.009766 0.011719
0 0.343750 0.949707 0.005859 0.020508
0 0.938477 0.949219 0.007812 0.021484
0 0.931152 0.941895 0.010742 0.008789
0 0.335449 0.943359 0.004883 0.011719
0 0.300781 0.942383 0.005859 0.009766
0 0.268066 0.959473 0.014648 0.045898
0 0.946777 0.939941 0.008789 0.008789
0 0.706055 0.952637 0.015625 0.034180
0 0.123047 0.942383 0.005859 0.013672
0 0.072754 0.949707 0.012695 0.032227
0 0.909180 0.938477 0.009766 0.011719
0 0.329102 0.938477 0.007812 0.017578
0 0.614746 0.942383 0.022461 0.027344
0 0.365234 0.942383 0.011719 0.027344
0 0.315430 0.933594 0.005859 0.011719
0 0.967773 0.932129 0.007812 0.010742
0 0.571289 0.933105 0.005859 0.012695
0 0.007324 0.937988 0.014648 0.022461
0 0.895020 0.936035 0.014648 0.020508
0 0.127441 0.931152 0.006836 0.010742
0 0.827148 0.937500 0.025391 0.027344
0 0.940430 0.928223 0.007812 0.010742
0 0.915039 0.929199 0.011719 0.012695
0 0.796875 0.928711 0.015625 0.013672
0 0.032715 0.934082 0.016602 0.024414
0 0.703125 0.927734 0.005859 0.013672
0 0.645996 0.927246 0.012695 0.012695
0 0.475098 0.930176 0.006836 0.018555
0 0.456543 0.933105 0.010742 0.028320
0 0.929199 0.928711 0.010742 0.021484
0 0.881348 0.927246 0.020508 0.018555
0 0.628418 0.921387 0.008789 0.006836
0 0.622559 0.927246 0.012695 0.018555
0 0.203125 0.934082 0.015625 0.032227
0 0.848633 0.922363 0.005859 0.010742
0 0.374512 0.932617 0.010742 0.031250
0 0.789551 0.917969 0.012695 0.005859
0 0.432129 0.926270 0.012695 0.022461
0 0.362793 0.918457 0.016602 0.016602
0 0.919922 0.916992 0.015625 0.015625
0 0.402344 0.914551 0.011719 0.010742
0 0.934082 0.912109 0.006836 0.007812
0 0.823242 0.913574 0.007812 0.010742
0 0.864258 0.930664 0.011719 0.046875
0 0.315918 0.916504 0.020508 0.018555
0 0.002441 0.918457 0.004883 0.022461
0 0.271973 0.921387 0.010742 0.030273
0 0.906738 0.913086 0.008789 0.015625
0 0.418945 0.910645 0.007812 0.012695
0 0.287598 0.909180 0.008789 0.009766
0 0.218262 0.908691 0.008789 0.008789
0 0.188477 0.911621 0.007812 0.014648
0 0.070312 0.908691 0.005859 0.008789
0 0.830566 0.909180 0.004883 0.011719
0 0.351562 0.907715 0.011719 0.012695
0 0.302734 0.906250 0.005859 0.009766
0 0.016602 0.908691 0.009766 0.014648
0 0.925781 0.904297 0.013672 0.007812
0 0.782715 0.904785 0.008789 0.008789
0 0.467285 0.908203 0.008789 0.015625
0 0.428223 0.905762 0.008789 0.010742
0 0.198730 0.907227 0.008789 0.017578
0 0.036621 0.912109 0.010742 0.027344
0 0.379395 0.902832 0.006836 0.010742
0 0.569336 0.898926 0.007812 0.006836
0 0.735840 0.898926 0.010742 0.008789
0 0.292969 0.900879 0.005859 0.012695
0 0.907227 0.897461 0.009766 0.007812
0 0.769531 0.899902 0.017578 0.012695
0 0.400879 0.900391 0.004883 0.013672
0 0.370605 0.899902 0.004883 0.012695
0 0.161133 0.904297 0.005859 0.021484
0 0.274414 0.896973 0.005859 0.008789
0 0.685059 0.895996 0.014648 0.010742
0 0.264648 0.898438 0.009766 0.015625
0 0.010254 0.896484 0.006836 0.011719
0 0.747070 0.895996 0.009766 0.012695
0 0.970703 0.900391 0.009766 0.023438
0 0.390625 0.893555 0.003906 0.013672
0 0.309570 0.891113 0.007812 0.012695
0 0.734375 0.887695 0.007812 0.007812
0 0.684082 0.886719 0.010742 0.005859
0 0.378906 0.891113 0.007812 0.014648
0 0.182129 0.894043 0.016602 0.020508
0 0.020020 0.892090 0.006836 0.016602
0 0.613770 0.887207 0.006836 0.008789
0 0.588379 0.886719 0.006836 0.007812
0 0.334473 0.908203 0.016602 0.052734
0 0.435547 0.886719 0.009766 0.013672
0 0.286621 0.885254 0.004883 0.010742
0 0.995117 0.892090 0.009766 0.026367
0 0.702637 0.885254 0.004883 0.012695
0 0.570312 0.885742 0.005859 0.013672
0 0.763672 0.890137 0.021484 0.026367
0 0.355469 0.888672 0.009766 0.023438
0 0.536621 0.883789 0.004883 0.015625
0 0.342285 0.879883 0.006836 0.007812
0 0.899902 0.878906 0.006836 0.007812
0 0.235352 0.891113 0.011719 0.032227
0 0.945312 0.881348 0.005859 0.014648
0 0.691406 0.878418 0.007812 0.008789
0 0.277344 0.878418 0.007812 0.010742
0 0.168457 0.890137 0.014648 0.034180
0 0.046387 0.878906 0.006836 0.011719
0 0.909668 0.885742 0.020508 0.027344
0 0.466309 0.885742 0.010742 0.027344
0 0.756836 0.876953 0.009766 0.011719
0 0.970703 0.880371 0.023438 0.020508
0 0.218262 0.874512 0.006836 0.008789
0 0.893066 0.873047 0.006836 0.007812
0 0.855957 0.874512 0.006836 0.010742
0 0.037598 0.880371 0.006836 0.022461
0 0.117676 0.875977 0.004883 0.015625
0 0.921875 0.882324 0.009766 0.030273
0 0.474121 0.874512 0.008789 0.014648
0 0.265137 0.871094 0.014648 0.007812
0 0.026855 0.873535 0.012695 0.012695
0 0.648926 0.868164 0.006836 0.009766
0 0.914062 0.867676 0.007812 0.010742
0 0.813965 0.870117 0.008789 0.015625
0 0.054199 0.867676 0.010742 0.010742
0 0.633789 0.866211 0.015625 0.009766
0 0.736328 0.866699 0.009766 0.012695
0 0.417969 0.869141 0.007812 0.017578
0 0.381348 0.865723 0.006836 0.010742
0 0.931641 0.882324 0.015625 0.047852
0 0.822754 0.862793 0.010742 0.008789
0 0.222168 0.863770 0.006836 0.010742
0 0.099609 0.876953 0.025391 0.037109
0 0.704102 0.863281 0.009766 0.011719
0 0.472168 0.861328 0.008789 0.009766
0 0.376465 0.868652 0.016602 0.024414
0 0.958984 0.861328 0.009766 0.011719
0 0.902832 0.860352 0.004883 0.011719
0 0.747070 0.857422 0.009766 0.005859
0 0.973145 0.862305 0.010742 0.017578
0 0.915527 0.857422 0.008789 0.007812
0 0.893066 0.859863 0.006836 0.012695
0 0.004883 0.863281 0.009766 0.019531
0 0.990234 0.867676 0.019531 0.030273
0 0.763184 0.862793 0.022461 0.020508
0 0.537598 0.856934 0.004883 0.010742
0 0.280273 0.856445 0.005859 0.009766
0 0.191895 0.857422 0.006836 0.011719
0 0.390625 0.856445 0.009766 0.011719
0 0.257812 0.858398 0.011719 0.015625
0 0.246094 0.857422 0.005859 0.013672
0 0.011719 0.855469 0.007812 0.011719
0 0.953125 0.859375 0.037109 0.023438
0 0.578613 0.861328 0.018555 0.027344
0 0.975098 0.849609 0.008789 0.005859
0 0.730957 0.854980 0.014648 0.016602
0 0.212891 0.858398 0.009766 0.023438
0 0.805176 0.857910 0.022461 0.024414
0 0.035156 0.856445 0.021484 0.023438
0 0.718262 0.854004 0.016602 0.022461
0 0.626465 0.851562 0.010742 0.017578
0 0.294434 0.849121 0.004883 0.012695
0 0.592285 0.845215 0.008789 0.006836
0 0.403320 0.853516 0.007812 0.023438
0 0.244141 0.845215 0.007812 0.006836
0 0.420898 0.849609 0.013672 0.017578
0 0.003418 0.843262 0.006836 0.008789
0 0.942383 0.840820 0.015625 0.007812
0 0.795410 0.840820 0.010742 0.007812
0 0.954590 0.841309 0.006836 0.010742
0 0.907715 0.842285 0.022461 0.012695
0 0.090332 0.843750 0.006836 0.015625
0 0.579590 0.839355 0.006836 0.008789
0 0.395020 0.844727 0.008789 0.019531
0 0.196289 0.842285 0.009766 0.018555
0 0.891113 0.833008 0.010742 0.007812
0 0.495117 0.836426 0.007812 0.014648
0 0.948242 0.831543 0.013672 0.006836
0 0.701660 0.841797 0.010742 0.029297
0 0.218750 0.831543 0.005859 0.008789
0 0.886230 0.838867 0.016602 0.027344
0 0.309082 0.837891 0.018555 0.029297
0 0.922852 0.834961 0.021484 0.027344
0 0.577637 0.827637 0.020508 0.012695
0 0.274414 0.828125 0.009766 0.015625
0 0.937500 0.827148 0.005859 0.015625
0 0.986816 0.821777 0.008789 0.006836
0 0.915527 0.820801 0.010742 0.004883
0 0.797363 0.824707 0.008789 0.012695
0 0.671875 0.822754 0.015625 0.008789
0 0.245117 0.823242 0.005859 0.009766
0 0.876465 0.824707 0.010742 0.014648
0 0.832031 0.827148 0.013672 0.019531
0 0.978027 0.819336 0.008789 0.005859
0 0.635742 0.829590 0.007812 0.026367
0 0.009277 0.834473 0.018555 0.036133
0 0.957031 0.826660 0.011719 0.024414
0 0.888184 0.820801 0.010742 0.014648
0 0.689453 0.824219 0.017578 0.023438
0 0.624023 0.816895 0.007812 0.010742
0 0.599609 0.827148 0.021484 0.031250
0 0.952637 0.812500 0.008789 0.005859
0 0.582520 0.816895 0.012695 0.014648
0 0.318848 0.814941 0.006836 0.012695
0 0.237305 0.822754 0.015625 0.032227
0 0.127441 0.822754 0.014648 0.032227
0 0.673828 0.810059 0.009766 0.012695
0 0.641602 0.810547 0.017578 0.013672
0 0.257812 0.825684 0.019531 0.043945
0 0.299805 0.811523 0.007812 0.019531
0 0.877441 0.808105 0.010742 0.014648
0 0.862793 0.804688 0.008789 0.011719
0 0.938477 0.803223 0.013672 0.012695
0 0.516602 0.803223 0.009766 0.012695
0 0.242188 0.806152 0.009766 0.018555
0 0.663086 0.802734 0.015625 0.013672
0 0.950195 0.800781 0.011719 0.011719
0 0.180176 0.804688 0.020508 0.031250
0 0.920410 0.803223 0.026367 0.030273
0 0.875000 0.795410 0.009766 0.016602
0 0.643555 0.792480 0.005859 0.010742
0 0.576660 0.791016 0.008789 0.007812
0 0.227051 0.812012 0.018555 0.049805
0 0.647949 0.789062 0.008789 0.007812
0 0.129883 0.792969 0.007812 0.015625
0 0.882812 0.789062 0.007812 0.009766
0 0.609375 0.786133 0.011719 0.005859
0 0.591797 0.788574 0.011719 0.010742
0 0.145508 0.790039 0.005859 0.013672
0 0.271484 0.788574 0.011719 0.012695
0 0.620117 0.782715 0.015625 0.006836
0 0.666016 0.784668 0.033203 0.012695
0 0.189941 0.788086 0.008789 0.019531
0 0.900391 0.786621 0.013672 0.018555
0 0.992188 0.780762 0.005859 0.008789
0 0.973145 0.779297 0.008789 0.007812
0 0.251953 0.786621 0.011719 0.022461
0 0.932617 0.781250 0.021484 0.013672
0 0.873047 0.779785 0.009766 0.010742
0 0.862305 0.781250 0.007812 0.013672
0 0.122559 0.779297 0.006836 0.009766
0 0.855469 0.778320 0.005859 0.011719
0 0.912109 0.778320 0.011719 0.013672
0 0.589844 0.776367 0.009766 0.011719
0 0.577148 0.777344 0.013672 0.013672
0 0.958496 0.775391 0.008789 0.015625
0 0.672363 0.773926 0.006836 0.012695
0 0.314453 0.772949 0.011719 0.012695
0 0.702637 0.771484 0.010742 0.013672
0 0.501953 0.773438 0.013672 0.017578
0 0.445312 0.770020 0.007812 0.010742
0 0.241211 0.770996 0.009766 0.012695
0 0.182129 0.770508 0.006836 0.011719
0 0.298340 0.776855 0.022461 0.026367
0 0.976074 0.768555 0.008789 0.011719
0 0.460449 0.768066 0.012695 0.012695
0 0.275879 0.769531 0.010742 0.015625
0 0.203125 0.770996 0.019531 0.020508
0 0.133301 0.774902 0.014648 0.028320
0 0.608398 0.770996 0.013672 0.024414
0 0.643555 0.766602 0.035156 0.019531
0 0.889160 0.760254 0.006836 0.008789
0 0.811523 0.767090 0.021484 0.022461
0 0.715332 0.764648 0.012695 0.017578
0 0.876953 0.757812 0.015625 0.009766
0 0.003906 0.758789 0.007812 0.011719
0 0.692383 0.759277 0.005859 0.014648
0 0.931152 0.757324 0.006836 0.012695
0 0.243652 0.757324 0.006836 0.012695
0 0.585449 0.755859 0.020508 0.013672
0 0.368164 0.756348 0.005859 0.016602
0 0.922852 0.750000 0.007812 0.007812
0 0.299316 0.753906 0.018555 0.017578
0 0.722656 0.750977 0.005859 0.013672
0 0.571289 0.747559 0.011719 0.006836
0 0.603027 0.746582 0.008789 0.006836
0 0.464844 0.745605 0.009766 0.006836
0 0.007812 0.746094 0.005859 0.009766
0 0.636719 0.746094 0.011719 0.011719
0 0.231445 0.750488 0.011719 0.022461
0 0.113281 0.754883 0.011719 0.031250
0 0.972168 0.742676 0.006836 0.010742
0 0.809570 0.747070 0.029297 0.019531
0 0.648438 0.742676 0.007812 0.010742
0 0.941895 0.739258 0.010742 0.011719
0 0.370117 0.739258 0.005859 0.013672
0 0.451172 0.748535 0.023438 0.034180
0 0.691895 0.737793 0.016602 0.014648
0 0.570801 0.733887 0.008789 0.006836
0 0.953613 0.731445 0.008789 0.005859
0 0.896973 0.739746 0.020508 0.022461
0 0.437012 0.736816 0.008789 0.016602
0 0.919922 0.735840 0.023438 0.016602
0 0.135742 0.753418 0.017578 0.051758
0 0.146484 0.734375 0.017578 0.015625
0 0.780762 0.730469 0.020508 0.009766
0 0.602539 0.729980 0.009766 0.008789
0 0.283203 0.733398 0.009766 0.019531
0 0.115234 0.733398 0.007812 0.019531
0 0.471680 0.729492 0.009766 0.013672
0 0.616211 0.740234 0.023438 0.039062
0 0.060547 0.727051 0.005859 0.012695
0 0.008789 0.729980 0.017578 0.020508
0 0.098633 0.746094 0.015625 0.056641
0 0.851074 0.719727 0.006836 0.011719
0 0.938965 0.717773 0.018555 0.009766
0 0.233887 0.718262 0.006836 0.010742
0 0.535645 0.713379 0.012695 0.006836
0 0.477539 0.714844 0.005859 0.011719
0 0.705078 0.711426 0.009766 0.006836
0 0.920898 0.711914 0.011719 0.009766
0 0.439453 0.716309 0.021484 0.022461
0 0.377441 0.710938 0.006836 0.011719
0 0.045410 0.718750 0.024414 0.027344
0 0.009766 0.711914 0.011719 0.013672
0 0.083008 0.710938 0.007812 0.013672
0 0.542480 0.705078 0.010742 0.005859
0 0.903320 0.708984 0.019531 0.015625
0 0.363281 0.708496 0.015625 0.014648
0 0.493652 0.707031 0.014648 0.013672
0 0.406738 0.709961 0.010742 0.019531
0 0.462891 0.713867 0.015625 0.033203
0 0.376953 0.700195 0.013672 0.005859
0 0.242676 0.701660 0.008789 0.010742
0 0.475098 0.699707 0.004883 0.010742
0 0.779297 0.697266 0.005859 0.009766
0 0.392578 0.697754 0.007812 0.010742
0 0.068359 0.703613 0.007812 0.022461
0 0.770020 0.698730 0.008789 0.016602
0 0.875488 0.693359 0.008789 0.007812
0 0.452148 0.700195 0.015625 0.021484
0 0.537598 0.689453 0.006836 0.009766
0 0.425293 0.690918 0.004883 0.012695
0 0.275879 0.689453 0.006836 0.009766
0 0.029297 0.695312 0.015625 0.023438
0 0.959473 0.689453 0.008789 0.017578
0 0.661621 0.688965 0.010742 0.024414
0 0.389160 0.680176 0.008789 0.006836
0 0.351074 0.688477 0.012695 0.023438
0 0.201660 0.681152 0.006836 0.012695
0 0.918945 0.689453 0.017578 0.035156
0 0.255859 0.678223 0.007812 0.012695
0 0.026367 0.683105 0.019531 0.024414
0 0.534668 0.676270 0.006836 0.014648
0 0.549805 0.683105 0.017578 0.032227
0 0.369141 0.678711 0.009766 0.025391
0 0.801758 0.673340 0.017578 0.016602
0 0.748047 0.670898 0.005859 0.011719
0 0.916504 0.666992 0.008789 0.007812
0 0.219238 0.669434 0.004883 0.012695
0 0.079590 0.675781 0.010742 0.025391
0 0.631836 0.671875 0.009766 0.019531
0 0.997559 0.666504 0.004883 0.012695
0 0.361816 0.663086 0.010742 0.007812
0 0.875000 0.664551 0.011719 0.014648
0 0.326660 0.662598 0.004883 0.010742
0 0.286621 0.666992 0.012695 0.021484
0 0.261719 0.666016 0.007812 0.025391
0 0.205078 0.660156 0.011719 0.015625
0 0.053223 0.663574 0.018555 0.022461
0 0.783691 0.660156 0.014648 0.017578
0 0.579102 0.667969 0.023438 0.033203
0 0.843750 0.655762 0.021484 0.010742
0 0.558594 0.659180 0.011719 0.021484
0 0.979492 0.658691 0.021484 0.022461
0 0.805176 0.657715 0.028320 0.020508
0 0.350098 0.660156 0.010742 0.025391
0 0.180664 0.654785 0.011719 0.014648
0 0.995605 0.652344 0.008789 0.011719
0 0.778320 0.650391 0.007812 0.007812
0 0.909180 0.645996 0.005859 0.008789
0 0.770020 0.646484 0.006836 0.009766
0 0.802734 0.645996 0.011719 0.012695
0 0.029785 0.656738 0.022461 0.034180
0 0.187988 0.645996 0.012695 0.016602
0 0.541992 0.651367 0.021484 0.033203
0 0.789551 0.635254 0.010742 0.004883
0 0.009766 0.644043 0.013672 0.022461
0 0.858398 0.635742 0.009766 0.007812
0 0.896484 0.638672 0.011719 0.023438
0 0.226562 0.633301 0.007812 0.012695
0 0.996094 0.630859 0.007812 0.013672
0 0.940430 0.633789 0.011719 0.019531
0 0.863281 0.627930 0.009766 0.007812
0 0.157227 0.630859 0.007812 0.013672
0 0.055176 0.635742 0.032227 0.023438
0 0.010742 0.634766 0.021484 0.021484
0 0.856934 0.626465 0.008789 0.008789
0 0.670898 0.629395 0.013672 0.014648
0 0.018555 0.626465 0.009766 0.008789
0 0.214844 0.624512 0.009766 0.010742
0 0.571289 0.620117 0.009766 0.007812
0 0.389160 0.625488 0.020508 0.018555
0 0.096680 0.620117 0.007812 0.009766
0 0.089355 0.622070 0.008789 0.013672
0 0.854004 0.617188 0.010742 0.005859
0 0.558105 0.631348 0.020508 0.034180
0 0.179688 0.621582 0.003906 0.014648
0 0.371582 0.618652 0.008789 0.010742
0 0.170898 0.619629 0.005859 0.012695
0 0.962402 0.618652 0.004883 0.012695
0 0.540527 0.615723 0.008789 0.006836
0 0.332520 0.619629 0.010742 0.014648
0 0.316406 0.618164 0.015625 0.017578
0 0.363281 0.621582 0.025391 0.028320
0 0.211426 0.610840 0.006836 0.010742
0 0.093750 0.609375 0.009766 0.007812
0 0.722168 0.608887 0.012695 0.008789
0 0.329102 0.607422 0.009766 0.005859
0 0.842285 0.608398 0.012695 0.009766
0 0.191895 0.611328 0.010742 0.015625
0 0.109375 0.604980 0.005859 0.008789
0 0.546875 0.604980 0.005859 0.010742
0 0.879395 0.604004 0.006836 0.010742
0 0.852539 0.603516 0.005859 0.009766
0 0.802734 0.602539 0.007812 0.007812
0 0.605469 0.603516 0.007812 0.009766
0 0.782715 0.612305 0.016602 0.031250
0 0.374023 0.605957 0.029297 0.018555
0 0.352539 0.600586 0.007812 0.009766
0 0.401855 0.611328 0.012695 0.033203
0 0.742188 0.599609 0.007812 0.013672
0 0.221680 0.606445 0.009766 0.027344
0 0.576660 0.603027 0.014648 0.022461
0 0.140137 0.597656 0.010742 0.013672
0 0.189941 0.594727 0.012695 0.015625
0 0.155762 0.603027 0.022461 0.032227
0 0.086426 0.595703 0.014648 0.017578
0 0.808594 0.590820 0.013672 0.009766
0 0.591797 0.604492 0.019531 0.037109
0 0.564453 0.587891 0.005859 0.009766
0 0.521973 0.588867 0.004883 0.011719
0 0.110352 0.590332 0.017578 0.014648
0 0.558105 0.588867 0.008789 0.013672
0 0.917480 0.588379 0.010742 0.014648
0 0.392578 0.588867 0.005859 0.015625
0 0.644043 0.586426 0.006836 0.012695
0 0.850586 0.581543 0.005859 0.010742
0 0.237793 0.583008 0.006836 0.015625
0 0.203125 0.591309 0.023438 0.032227
0 0.828613 0.590820 0.016602 0.033203
0 0.038086 0.582031 0.011719 0.017578
0 0.952637 0.577637 0.020508 0.012695
0 0.152344 0.578613 0.009766 0.014648
0 0.409668 0.585938 0.012695 0.035156
0 0.140625 0.577637 0.007812 0.018555
0 0.213379 0.572754 0.004883 0.010742
0 0.856934 0.571777 0.006836 0.010742
0 0.199219 0.572266 0.005859 0.011719
0 0.835938 0.574219 0.021484 0.017578
0 0.930664 0.567871 0.005859 0.008789
0 0.220703 0.572754 0.007812 0.018555
0 0.416992 0.566895 0.005859 0.008789
0 0.172363 0.568848 0.010742 0.012695
0 0.091797 0.575195 0.017578 0.025391
0 0.234375 0.566895 0.007812 0.010742
0 0.690918 0.564941 0.012695 0.008789
0 0.122559 0.572754 0.010742 0.024414
0 0.011230 0.568848 0.006836 0.016602
0 0.560059 0.568848 0.010742 0.020508
0 0.375000 0.577637 0.019531 0.038086
0 0.287598 0.567383 0.006836 0.017578
0 0.887695 0.562500 0.009766 0.009766
0 0.003418 0.560547 0.006836 0.007812
0 0.358398 0.562988 0.013672 0.016602
0 0.812012 0.560547 0.006836 0.013672
0 0.573242 0.565430 0.019531 0.023438
0 0.823242 0.558105 0.007812 0.010742
0 0.098633 0.561035 0.011719 0.016602
0 0.293945 0.556152 0.007812 0.008789
0 0.127930 0.558105 0.011719 0.012695
0 0.658691 0.558594 0.012695 0.015625
0 0.343750 0.556641 0.007812 0.011719
0 0.927734 0.556152 0.015625 0.012695
0 0.888184 0.553223 0.008789 0.006836
0 0.012695 0.553223 0.013672 0.012695
0 0.507812 0.562012 0.007812 0.032227
0 0.442871 0.551270 0.008789 0.010742
0 0.270996 0.555664 0.012695 0.021484
0 0.102051 0.551758 0.012695 0.013672
0 0.605957 0.547363 0.006836 0.008789
0 0.551758 0.547363 0.007812 0.014648
0 0.393066 0.559570 0.018555 0.041016
0 0.862793 0.543457 0.004883 0.010742
0 0.649414 0.541504 0.005859 0.008789
0 0.139648 0.545410 0.013672 0.016602
0 0.594727 0.540527 0.005859 0.008789
0 0.261719 0.540527 0.005859 0.008789
0 0.295410 0.542969 0.020508 0.015625
0 0.815918 0.542969 0.016602 0.017578
0 0.329102 0.544922 0.009766 0.021484
0 0.001953 0.543457 0.003906 0.018555
0 0.564941 0.542969 0.014648 0.021484
0 0.917969 0.546875 0.013672 0.031250
0 0.831055 0.547852 0.013672 0.033203
0 0.493164 0.534668 0.009766 0.008789
0 0.069824 0.545898 0.030273 0.031250
0 0.473145 0.534180 0.008789 0.009766
0 0.688965 0.529297 0.014648 0.005859
0 0.008301 0.529785 0.008789 0.006836
0 0.996582 0.528320 0.006836 0.007812
0 0.109863 0.534180 0.010742 0.019531
0 0.854004 0.532715 0.014648 0.018555
0 0.481934 0.533691 0.016602 0.022461
0 0.565918 0.526367 0.008789 0.009766
0 0.554688 0.529785 0.007812 0.016602
0 0.272461 0.524414 0.005859 0.009766
0 0.028320 0.524902 0.013672 0.010742
0 0.949219 0.523926 0.007812 0.010742
0 0.305664 0.525391 0.011719 0.013672
0 0.959473 0.525391 0.008789 0.015625
0 0.168945 0.525391 0.009766 0.015625
0 0.010254 0.521484 0.006836 0.007812
0 0.981445 0.520996 0.005859 0.008789
0 0.469238 0.517578 0.006836 0.007812
0 0.235352 0.520996 0.019531 0.016602
0 0.217773 0.529297 0.025391 0.033203
0 0.542969 0.519531 0.013672 0.015625
0 0.343750 0.525391 0.009766 0.027344
0 0.294922 0.518555 0.007812 0.013672
0 0.964355 0.509277 0.010742 0.004883
0 0.993652 0.515625 0.012695 0.019531
0 0.507812 0.510742 0.009766 0.011719
0 0.348145 0.514160 0.012695 0.020508
0 0.111328 0.508789 0.005859 0.009766
0 0.146484 0.507324 0.009766 0.008789
0 0.332031 0.517578 0.007812 0.031250
0 0.322754 0.506836 0.004883 0.013672
0 0.352539 0.505371 0.007812 0.012695
0 0.165527 0.505371 0.008789 0.012695
0 0.979980 0.500977 0.016602 0.005859
0 0.493652 0.511230 0.012695 0.028320
0 0.212891 0.504395 0.013672 0.018555
0 0.371582 0.500000 0.016602 0.011719
0 0.228516 0.502441 0.013672 0.018555
0 0.152344 0.500000 0.009766 0.013672
0 0.006348 0.501465 0.012695 0.016602
0 0.955078 0.500488 0.031250 0.016602
0 0.497070 0.497559 0.005859 0.010742
0 0.134766 0.508301 0.015625 0.032227
0 0.706055 0.497559 0.015625 0.014648
0 0.722168 0.504883 0.020508 0.031250
0 0.109375 0.493652 0.007812 0.008789
0 0.064941 0.492676 0.008789 0.006836
0 0.810059 0.489258 0.008789 0.007812
0 0.289062 0.491699 0.003906 0.012695
0 0.321777 0.496094 0.018555 0.023438
0 0.044922 0.495605 0.009766 0.022461
0 0.566406 0.487305 0.007812 0.007812
0 0.117676 0.497559 0.014648 0.028320
0 0.216797 0.488281 0.007812 0.017578
0 0.971191 0.484863 0.006836 0.012695
0 0.890137 0.482422 0.006836 0.007812
0 0.183594 0.494141 0.013672 0.031250
0 0.703613 0.486328 0.020508 0.019531
0 0.169434 0.487305 0.010742 0.021484
0 0.404785 0.481934 0.010742 0.014648
0 0.356934 0.488770 0.022461 0.028320
0 0.069824 0.481445 0.012695 0.013672
0 0.854492 0.478516 0.007812 0.009766
0 0.237305 0.479004 0.009766 0.010742
0 0.138672 0.485352 0.019531 0.027344
0 0.231445 0.482910 0.013672 0.024414
0 0.992188 0.471680 0.011719 0.005859
0 0.847168 0.475098 0.006836 0.012695
0 0.158691 0.479980 0.006836 0.024414
0 0.041016 0.473633 0.007812 0.011719
0 0.731934 0.475098 0.006836 0.016602
0 0.166992 0.470215 0.009766 0.006836
0 0.720703 0.471680 0.011719 0.013672
0 0.357422 0.468262 0.007812 0.008789
0 0.681641 0.471680 0.017578 0.017578
0 0.862305 0.473633 0.005859 0.023438
0 0.494629 0.475586 0.010742 0.027344
0 0.347656 0.467773 0.005859 0.013672
0 0.869141 0.462891 0.005859 0.009766
0 0.336426 0.479980 0.018555 0.043945
0 0.692383 0.465332 0.009766 0.016602
0 0.776855 0.464355 0.010742 0.016602
0 0.708008 0.470703 0.023438 0.035156
0 0.469238 0.459961 0.008789 0.013672
0 0.302246 0.460938 0.010742 0.015625
0 0.420898 0.457520 0.005859 0.010742
0 0.724121 0.456543 0.006836 0.010742
0 0.003906 0.457031 0.007812 0.011719
0 0.923828 0.451660 0.005859 0.008789
0 0.021973 0.451172 0.010742 0.009766
0 0.835449 0.456055 0.018555 0.021484
0 0.412598 0.452148 0.006836 0.013672
0 0.694336 0.448730 0.009766 0.008789
0 0.505859 0.449707 0.005859 0.010742
0 0.319336 0.449707 0.007812 0.010742
0 0.058594 0.450684 0.005859 0.012695
0 0.451172 0.449707 0.005859 0.012695
0 0.771484 0.449219 0.011719 0.013672
0 0.551758 0.467285 0.017578 0.049805
0 0.153809 0.453125 0.014648 0.021484
0 0.704102 0.447266 0.009766 0.011719
0 0.483887 0.444336 0.006836 0.007812
0 0.458496 0.448242 0.008789 0.015625
0 0.216309 0.446777 0.010742 0.014648
0 0.726074 0.444824 0.008789 0.012695
0 0.672363 0.443359 0.008789 0.009766
0 0.191895 0.450195 0.010742 0.023438
0 0.991211 0.441895 0.005859 0.010742
0 0.902832 0.440430 0.010742 0.007812
0 0.347168 0.442871 0.008789 0.014648
0 0.333984 0.438965 0.007812 0.008789
0 0.974609 0.438477 0.011719 0.009766
0 0.369141 0.448242 0.031250 0.029297
0 0.711914 0.448242 0.015625 0.031250
0 0.492676 0.439453 0.012695 0.013672
0 0.030273 0.438965 0.005859 0.012695
0 0.833008 0.437012 0.005859 0.010742
0 0.017090 0.437500 0.006836 0.011719
0 0.206055 0.435059 0.005859 0.008789
0 0.646973 0.439453 0.016602 0.019531
0 0.137207 0.450684 0.020508 0.041992
0 0.106445 0.436523 0.005859 0.013672
0 0.697266 0.433594 0.005859 0.009766
0 0.958984 0.432617 0.005859 0.009766
0 0.896484 0.442871 0.011719 0.030273
0 0.334473 0.432129 0.008789 0.008789
0 0.022461 0.433105 0.005859 0.012695
0 0.433594 0.445801 0.021484 0.040039
0 0.164551 0.432617 0.014648 0.013672
0 0.849121 0.445801 0.022461 0.041992
0 0.308594 0.437500 0.021484 0.027344
0 0.520508 0.436523 0.013672 0.027344
0 0.014160 0.427734 0.010742 0.009766
0 0.342773 0.426758 0.007812 0.009766
0 0.123535 0.435059 0.010742 0.028320
0 0.862305 0.425293 0.007812 0.010742
0 0.777832 0.430176 0.016602 0.022461
0 0.464355 0.435059 0.024414 0.032227
0 0.957520 0.422363 0.008789 0.008789
0 0.291504 0.433594 0.014648 0.031250
0 0.856934 0.437012 0.022461 0.040039
0 0.493164 0.421875 0.007812 0.009766
0 0.001953 0.423828 0.003906 0.013672
0 0.886719 0.422363 0.003906 0.014648
0 0.024902 0.418457 0.004883 0.010742
0 0.258301 0.416504 0.008789 0.010742
0 0.873535 0.421387 0.006836 0.022461
0 0.472656 0.419434 0.011719 0.018555
0 0.439453 0.429688 0.019531 0.041016
0 0.341309 0.415527 0.018555 0.012695
0 0.328125 0.412598 0.005859 0.008789
0 0.284180 0.419434 0.007812 0.022461
0 0.812988 0.414551 0.006836 0.014648
0 0.292969 0.411621 0.005859 0.008789
0 0.958984 0.410645 0.007812 0.012695
0 0.832520 0.403320 0.012695 0.011719
0 0.852539 0.401367 0.011719 0.009766
0 0.006836 0.404785 0.011719 0.016602
0 0.955566 0.399902 0.010742 0.008789
0 0.479492 0.411621 0.017578 0.032227
0 0.399414 0.403809 0.011719 0.016602
0 0.723145 0.400391 0.004883 0.011719
0 0.342773 0.402344 0.007812 0.015625
0 0.328125 0.400391 0.005859 0.011719
0 0.078125 0.403320 0.017578 0.021484
0 0.464355 0.394043 0.008789 0.010742
0 0.247559 0.394531 0.012695 0.011719
0 0.441895 0.407227 0.014648 0.039062
0 0.230957 0.396973 0.008789 0.018555
0 0.296875 0.403809 0.019531 0.034180
0 0.277832 0.392578 0.008789 0.011719
0 0.198730 0.393066 0.006836 0.012695
0 0.027344 0.389648 0.009766 0.009766
0 0.767090 0.391113 0.016602 0.014648
0 0.650391 0.389160 0.009766 0.010742
0 0.492188 0.397949 0.027344 0.032227
0 0.384766 0.402832 0.015625 0.041992
0 0.970215 0.384766 0.006836 0.009766
0 0.521973 0.387695 0.004883 0.015625
0 0.303711 0.391113 0.009766 0.022461
0 0.211426 0.396484 0.018555 0.033203
0 0.509766 0.386719 0.005859 0.015625
0 0.045410 0.382812 0.006836 0.007812
0 0.410645 0.384277 0.008789 0.012695
0 0.251953 0.383301 0.007812 0.010742
0 0.427734 0.387207 0.013672 0.020508
0 0.954590 0.386719 0.012695 0.021484
0 0.455078 0.382812 0.005859 0.013672
0 0.499023 0.378906 0.009766 0.009766
0 0.840332 0.384277 0.014648 0.024414
0 0.437012 0.380371 0.006836 0.016602
0 0.191406 0.382324 0.009766 0.020508
0 0.006348 0.378418 0.004883 0.012695
0 0.831055 0.383789 0.013672 0.027344
0 0.486816 0.375977 0.006836 0.011719
0 0.291504 0.375488 0.006836 0.010742
0 0.238770 0.378418 0.006836 0.016602
0 0.476074 0.374023 0.008789 0.009766
0 0.979004 0.371094 0.006836 0.009766
0 0.296875 0.368652 0.005859 0.008789
0 0.230957 0.367188 0.008789 0.009766
0 0.988770 0.368652 0.010742 0.014648
0 0.521973 0.365723 0.008789 0.008789
0 0.958496 0.369629 0.016602 0.018555
0 0.839844 0.367188 0.007812 0.013672
0 0.497070 0.365723 0.007812 0.010742
0 0.395996 0.371094 0.010742 0.021484
0 0.220215 0.373047 0.022461 0.025391
0 0.132324 0.371094 0.012695 0.021484
0 0.624023 0.367676 0.009766 0.018555
0 0.045410 0.367676 0.016602 0.018555
0 0.261230 0.360352 0.008789 0.007812
0 0.250977 0.365234 0.009766 0.017578
0 0.150879 0.365723 0.010742 0.018555
0 0.268066 0.369629 0.020508 0.028320
0 0.480957 0.363281 0.010742 0.017578
0 0.124512 0.361328 0.010742 0.013672
0 0.685547 0.359863 0.017578 0.012695
0 0.180176 0.368164 0.014648 0.029297
0 0.466309 0.370117 0.018555 0.035156
0 0.976074 0.357422 0.016602 0.011719
0 0.894531 0.358398 0.009766 0.013672
0 0.823242 0.359375 0.011719 0.015625
0 0.734863 0.357422 0.006836 0.011719
0 0.385742 0.365723 0.011719 0.028320
0 0.201172 0.366211 0.015625 0.035156
0 0.956543 0.351074 0.012695 0.006836
0 0.678711 0.352051 0.015625 0.008789
0 0.810059 0.356934 0.010742 0.020508
0 0.373535 0.358887 0.012695 0.024414
0 0.243164 0.357910 0.005859 0.022461
0 0.970215 0.348633 0.008789 0.005859
0 0.391602 0.350586 0.007812 0.009766
0 0.945312 0.348633 0.009766 0.007812
0 0.586914 0.350098 0.005859 0.010742
0 0.145508 0.349121 0.005859 0.008789
0 0.997070 0.350586 0.005859 0.013672
0 0.638184 0.353516 0.010742 0.019531
0 0.362305 0.346680 0.009766 0.005859
0 0.851562 0.350586 0.005859 0.019531
0 0.471191 0.345215 0.010742 0.008789
0 0.800293 0.345703 0.006836 0.011719
0 0.179199 0.345215 0.008789 0.010742
0 0.437012 0.348633 0.008789 0.019531
0 0.399414 0.345215 0.009766 0.012695
0 0.169434 0.350586 0.010742 0.023438
0 0.003906 0.346191 0.007812 0.014648
0 0.907715 0.354980 0.018555 0.036133
0 0.418945 0.342285 0.005859 0.010742
0 0.876465 0.347168 0.016602 0.022461
0 0.154297 0.345215 0.007812 0.018555
0 0.925293 0.337891 0.010742 0.005859
0 0.609863 0.340820 0.008789 0.011719
0 0.082031 0.340332 0.007812 0.012695
0 0.376465 0.338379 0.006836 0.012695
0 0.690918 0.337402 0.008789 0.012695
0 0.351074 0.335449 0.010742 0.014648
0 0.594727 0.337891 0.021484 0.027344
0 0.548340 0.329102 0.008789 0.009766
0 0.368652 0.333984 0.006836 0.019531
0 0.158691 0.331543 0.010742 0.016602
0 0.573730 0.327637 0.012695 0.012695
0 0.065430 0.331543 0.015625 0.020508
0 0.168457 0.326660 0.004883 0.012695
0 0.681641 0.321777 0.005859 0.008789
0 0.638184 0.320801 0.010742 0.008789
0 0.383789 0.328613 0.009766 0.028320
0 0.863770 0.326660 0.014648 0.028320
0 0.727539 0.316895 0.007812 0.008789
0 0.566406 0.334961 0.013672 0.048828
0 0.518555 0.314941 0.005859 0.008789
0 0.470703 0.316406 0.009766 0.015625
0 0.416992 0.322266 0.007812 0.027344
0 0.688965 0.314941 0.018555 0.014648
0 0.245117 0.312988 0.005859 0.010742
0 0.536133 0.312012 0.007812 0.012695
0 0.329102 0.312500 0.009766 0.015625
0 0.733398 0.308594 0.007812 0.009766
0 0.721680 0.307617 0.007812 0.007812
0 0.422363 0.306641 0.004883 0.011719
0 0.054199 0.306152 0.004883 0.010742
0 0.751465 0.311035 0.018555 0.022461
0 0.541992 0.307129 0.009766 0.016602
0 0.509766 0.306152 0.005859 0.014648
0 0.403320 0.313965 0.019531 0.032227
0 0.387207 0.304688 0.006836 0.015625
0 0.666016 0.300781 0.005859 0.009766
0 0.527832 0.303223 0.004883 0.014648
0 0.332031 0.301270 0.009766 0.010742
0 0.487305 0.298828 0.005859 0.009766
0 0.377930 0.299805 0.005859 0.011719
0 0.472168 0.306641 0.016602 0.027344
0 0.406738 0.299316 0.010742 0.014648
0 0.164551 0.298340 0.006836 0.012695
0 0.499512 0.298828 0.008789 0.017578
0 0.060059 0.298828 0.008789 0.017578
0 0.023438 0.304199 0.019531 0.028320
0 0.322266 0.295410 0.005859 0.012695
0 0.668457 0.295410 0.016602 0.018555
0 0.362793 0.291016 0.008789 0.009766
0 0.545410 0.291016 0.006836 0.011719
0 0.887695 0.291992 0.015625 0.015625
0 0.693359 0.292969 0.015625 0.019531
0 0.351074 0.286133 0.008789 0.009766
0 0.552734 0.284180 0.009766 0.007812
0 0.571777 0.299316 0.022461 0.040039
0 0.340820 0.290527 0.011719 0.022461
0 0.152832 0.285645 0.014648 0.012695
0 0.019043 0.283691 0.006836 0.010742
0 0.502930 0.284180 0.007812 0.013672
0 0.519043 0.291504 0.010742 0.030273
0 0.477539 0.283691 0.009766 0.014648
0 0.050293 0.289062 0.004883 0.025391
0 0.606934 0.282715 0.006836 0.014648
0 0.452148 0.285156 0.017578 0.021484
0 0.491211 0.278809 0.007812 0.018555
0 0.705566 0.276367 0.010742 0.015625
0 0.905273 0.271973 0.005859 0.008789
0 0.564941 0.273926 0.012695 0.014648
0 0.787598 0.271484 0.008789 0.011719
0 0.005859 0.272461 0.011719 0.013672
0 0.469238 0.270996 0.010742 0.014648
0 0.775391 0.265625 0.007812 0.017578
0 0.695801 0.267090 0.008789 0.022461
0 0.444824 0.261719 0.008789 0.019531
0 0.987305 0.265625 0.019531 0.029297
0 0.596680 0.273926 0.013672 0.045898
0 0.457520 0.256836 0.010742 0.015625
0 0.155762 0.250977 0.008789 0.005859
0 0.516602 0.256348 0.013672 0.022461
0 0.690918 0.247070 0.008789 0.009766
0 0.502441 0.247070 0.016602 0.033203
0 0.671387 0.234863 0.006836 0.010742
0 0.054199 0.234863 0.012695 0.012695
0 0.245117 0.230469 0.019531 0.011719
0 0.460938 0.233398 0.013672 0.019531
0 0.992188 0.230957 0.015625 0.018555
0 0.622559 0.227051 0.004883 0.010742
0 0.610352 0.225586 0.007812 0.007812
0 0.186523 0.230957 0.019531 0.020508
0 0.147461 0.221191 0.007812 0.006836
0 0.688965 0.226562 0.014648 0.019531
0 0.660645 0.226562 0.012695 0.021484
0 0.528809 0.221680 0.004883 0.011719
0 0.490723 0.230957 0.020508 0.030273
0 0.423828 0.224121 0.011719 0.016602
0 0.057129 0.220703 0.010742 0.009766
0 0.729492 0.221680 0.007812 0.013672
0 0.575195 0.222656 0.009766 0.015625
0 0.924316 0.218262 0.008789 0.008789
0 0.556641 0.223633 0.007812 0.019531
0 0.979492 0.217285 0.005859 0.010742
0 0.596680 0.233887 0.021484 0.043945
0 0.448730 0.220215 0.008789 0.016602
0 0.675781 0.218262 0.009766 0.018555
0 0.587402 0.214355 0.004883 0.010742
0 0.501465 0.214355 0.004883 0.010742
0 0.648438 0.216797 0.011719 0.017578
0 0.248535 0.214844 0.006836 0.013672
0 0.890137 0.214844 0.016602 0.023438
0 0.008301 0.206055 0.016602 0.005859
0 0.998047 0.207520 0.003906 0.012695
0 0.662598 0.208008 0.010742 0.013672
0 0.580078 0.204590 0.009766 0.006836
0 0.408203 0.212402 0.013672 0.022461
0 0.148438 0.208496 0.009766 0.016602
0 0.516113 0.211914 0.014648 0.025391
0 0.256348 0.205566 0.010742 0.012695
0 0.106445 0.202148 0.009766 0.005859
0 0.425781 0.201660 0.005859 0.008789
0 0.238770 0.200684 0.008789 0.006836
0 0.850586 0.214355 0.023438 0.038086
0 0.556152 0.203125 0.008789 0.021484
0 0.449707 0.198242 0.004883 0.011719
0 0.337891 0.196289 0.011719 0.011719
0 0.950684 0.194336 0.006836 0.009766
0 0.481445 0.205078 0.025391 0.031250
0 0.438477 0.198242 0.013672 0.017578
0 0.538086 0.193359 0.007812 0.011719
0 0.677734 0.200195 0.021484 0.027344
0 0.838379 0.195312 0.010742 0.021484
0 0.699219 0.186523 0.009766 0.007812
0 0.157715 0.193848 0.012695 0.024414
0 0.860840 0.188477 0.008789 0.015625
0 0.170898 0.188477 0.007812 0.015625
0 0.104980 0.190430 0.018555 0.019531
0 0.048828 0.186523 0.005859 0.011719
0 0.316895 0.181641 0.008789 0.007812
0 0.829102 0.195312 0.011719 0.037109
0 0.551270 0.186035 0.014648 0.020508
0 0.862305 0.179199 0.007812 0.008789
0 0.568359 0.189453 0.009766 0.029297
0 0.727051 0.189453 0.018555 0.031250
0 0.107422 0.177246 0.009766 0.006836
0 0.437500 0.179199 0.011719 0.016602
0 0.833496 0.173340 0.008789 0.006836
0 0.084961 0.173828 0.015625 0.011719
0 0.959961 0.184082 0.023438 0.036133
0 0.716797 0.171875 0.017578 0.011719
0 0.250488 0.171387 0.008789 0.010742
0 0.124023 0.176758 0.019531 0.021484
0 0.963379 0.169434 0.008789 0.008789
0 0.584961 0.169922 0.007812 0.009766
0 0.100586 0.168945 0.011719 0.007812
0 0.072754 0.180176 0.018555 0.032227
0 0.848633 0.176758 0.015625 0.029297
0 0.734863 0.168945 0.010742 0.013672
0 0.209473 0.176758 0.012695 0.031250
0 0.039551 0.166992 0.006836 0.011719
0 0.243652 0.177246 0.018555 0.036133
0 0.471680 0.163574 0.007812 0.010742
0 0.664551 0.160645 0.006836 0.008789
0 0.461914 0.161621 0.009766 0.010742
0 0.320312 0.165039 0.005859 0.017578
0 0.284668 0.165039 0.014648 0.021484
0 0.006348 0.159668 0.012695 0.012695
0 0.204102 0.156738 0.007812 0.008789
0 0.899414 0.157715 0.011719 0.012695
0 0.616699 0.164062 0.016602 0.025391
0 0.562500 0.158691 0.011719 0.016602
0 0.838867 0.160156 0.007812 0.021484
0 0.099121 0.155762 0.012695 0.018555
0 0.700684 0.149902 0.014648 0.012695
0 0.478027 0.149414 0.006836 0.011719
0 0.006348 0.147461 0.012695 0.007812
0 0.265137 0.146484 0.008789 0.009766
0 0.682617 0.145020 0.007812 0.008789
0 0.964844 0.152344 0.015625 0.025391
0 0.725098 0.152832 0.022461 0.026367
0 0.102051 0.142578 0.016602 0.007812
0 0.942383 0.143066 0.005859 0.010742
0 0.758301 0.146484 0.008789 0.017578
0 0.817383 0.140137 0.009766 0.012695
0 0.127930 0.137207 0.007812 0.008789
0 0.206543 0.141602 0.014648 0.021484
0 0.872559 0.135254 0.014648 0.010742
0 0.567871 0.140625 0.018555 0.021484
0 0.013672 0.136719 0.009766 0.013672
0 0.544922 0.135742 0.005859 0.013672
0 0.689453 0.136230 0.017578 0.016602
0 0.502930 0.134766 0.007812 0.013672
0 0.171387 0.153320 0.014648 0.050781
0 0.321289 0.138184 0.007812 0.022461
0 0.775391 0.131836 0.013672 0.013672
0 0.332031 0.132812 0.009766 0.015625
0 0.876465 0.125488 0.008789 0.006836
0 0.470703 0.127930 0.009766 0.011719
0 0.138672 0.127930 0.005859 0.011719
0 0.613281 0.134277 0.013672 0.026367
0 0.598145 0.126953 0.010742 0.011719
0 0.310547 0.142578 0.015625 0.042969
0 0.280762 0.126953 0.006836 0.011719
0 0.536621 0.128418 0.010742 0.016602
0 0.821289 0.126465 0.007812 0.014648
0 0.739258 0.125488 0.007812 0.012695
0 0.575684 0.128418 0.004883 0.018555
0 0.487305 0.136230 0.015625 0.034180
0 0.186523 0.122559 0.009766 0.006836
0 0.544434 0.121582 0.010742 0.008789
0 0.833984 0.124512 0.011719 0.016602
0 0.750000 0.126465 0.007812 0.020508
0 0.522461 0.121094 0.007812 0.013672
0 0.009277 0.119141 0.006836 0.009766
0 0.924316 0.120605 0.006836 0.014648
0 0.791992 0.130859 0.011719 0.037109
0 0.976562 0.125000 0.025391 0.027344
0 0.329590 0.116699 0.004883 0.010742
0 0.737793 0.113281 0.008789 0.005859
0 0.764648 0.115723 0.007812 0.012695
0 0.101562 0.119629 0.017578 0.020508
0 0.994141 0.129883 0.011719 0.042969
0 0.722656 0.123535 0.007812 0.030273
0 0.556152 0.121582 0.008789 0.026367
0 0.802734 0.122559 0.017578 0.030273
0 0.566406 0.116699 0.007812 0.022461
0 0.949219 0.107910 0.005859 0.008789
0 0.941406 0.120605 0.025391 0.036133
0 0.753418 0.108887 0.010742 0.012695
0 0.535645 0.110352 0.008789 0.015625
0 0.511719 0.113770 0.007812 0.022461
0 0.192383 0.110352 0.017578 0.015625
0 0.501465 0.113281 0.006836 0.025391
0 0.146973 0.106445 0.008789 0.011719
0 0.066406 0.111328 0.007812 0.021484
0 0.203125 0.116699 0.015625 0.034180
0 0.181152 0.104492 0.012695 0.009766
0 0.693848 0.104492 0.006836 0.013672
0 0.166992 0.111816 0.013672 0.034180
0 0.348145 0.099121 0.004883 0.010742
0 0.109375 0.099609 0.005859 0.011719
0 0.470215 0.106445 0.020508 0.029297
0 0.730957 0.093262 0.004883 0.012695
0 0.299805 0.090332 0.007812 0.008789
0 0.940430 0.089844 0.007812 0.009766
0 0.163086 0.089355 0.007812 0.010742
0 0.996582 0.092285 0.006836 0.020508
0 0.772461 0.087402 0.007812 0.010742
0 0.489746 0.102539 0.010742 0.044922
0 0.983887 0.086914 0.008789 0.015625
0 0.475586 0.086914 0.011719 0.015625
0 0.418945 0.086914 0.009766 0.015625
0 0.169434 0.083008 0.008789 0.015625
0 0.972656 0.084961 0.011719 0.021484
0 0.430664 0.085938 0.017578 0.023438
0 0.361816 0.083496 0.006836 0.018555
0 0.032715 0.082031 0.012695 0.015625
0 0.739746 0.090820 0.016602 0.035156
0 0.376465 0.079102 0.006836 0.011719
0 0.408203 0.082031 0.009766 0.019531
0 0.198242 0.079590 0.015625 0.014648
0 0.696289 0.076660 0.005859 0.010742
0 0.499512 0.081055 0.006836 0.021484
0 0.368164 0.075195 0.007812 0.009766
0 0.756836 0.088379 0.023438 0.038086
0 0.761719 0.073730 0.007812 0.010742
0 0.429688 0.071777 0.007812 0.006836
0 0.875000 0.071777 0.005859 0.008789
0 0.941895 0.070312 0.012695 0.007812
0 0.310547 0.077637 0.009766 0.022461
0 0.720703 0.075195 0.009766 0.019531
0 0.509766 0.083496 0.013672 0.036133
0 0.183105 0.081543 0.016602 0.034180
0 0.295410 0.075684 0.018555 0.026367
0 0.613770 0.067871 0.012695 0.012695
0 0.064941 0.065918 0.006836 0.008789
0 0.417969 0.066406 0.009766 0.011719
0 0.438965 0.069336 0.006836 0.019531
0 0.571289 0.065918 0.005859 0.014648
0 0.180664 0.061035 0.009766 0.006836
0 0.190918 0.062500 0.006836 0.013672
0 0.841797 0.058105 0.009766 0.006836
0 0.937012 0.059570 0.004883 0.011719
0 0.831055 0.061523 0.013672 0.017578
0 0.168457 0.058594 0.008789 0.011719
0 0.125488 0.058594 0.006836 0.011719
0 0.461426 0.056641 0.014648 0.011719
0 0.248535 0.056641 0.008789 0.011719
0 0.486328 0.064453 0.015625 0.029297
0 0.989746 0.065430 0.010742 0.033203
0 0.324707 0.059570 0.018555 0.021484
0 0.751465 0.053711 0.006836 0.011719
0 0.469238 0.052734 0.006836 0.009766
0 0.877441 0.048828 0.012695 0.005859
0 0.510742 0.053223 0.015625 0.016602
0 0.670410 0.048340 0.006836 0.008789
0 0.738770 0.047852 0.008789 0.009766
0 0.608887 0.051270 0.004883 0.016602
0 0.562988 0.052246 0.006836 0.018555
0 0.761230 0.052246 0.006836 0.020508
0 0.196289 0.048340 0.011719 0.012695
0 0.025391 0.047852 0.011719 0.011719
0 0.728516 0.049805 0.021484 0.017578
0 0.579102 0.058105 0.011719 0.036133
0 0.435059 0.052734 0.014648 0.025391
0 0.787109 0.042480 0.007812 0.006836
0 0.839355 0.044922 0.012695 0.013672
0 0.996582 0.041016 0.006836 0.007812
0 0.849121 0.041016 0.008789 0.007812
0 0.694824 0.040039 0.008789 0.005859
0 0.534668 0.050293 0.016602 0.028320
0 0.420410 0.042480 0.012695 0.012695
0 0.182617 0.045410 0.009766 0.018555
0 0.977051 0.053223 0.018555 0.036133
0 0.645508 0.039062 0.007812 0.007812
0 0.618164 0.040039 0.005859 0.009766
0 0.550781 0.041504 0.005859 0.012695
0 0.247070 0.039062 0.007812 0.009766
0 0.407715 0.035645 0.008789 0.008789
0 0.168945 0.040527 0.005859 0.018555
0 0.321777 0.038086 0.008789 0.015625
0 0.310547 0.050293 0.011719 0.041992
0 0.192871 0.034668 0.004883 0.010742
0 0.150391 0.032227 0.009766 0.005859
0 0.054688 0.044434 0.015625 0.030273
0 0.625488 0.032715 0.006836 0.008789
0 0.562500 0.035156 0.003906 0.013672
0 0.796875 0.034668 0.009766 0.014648
0 0.457031 0.039062 0.009766 0.023438
0 0.349609 0.033691 0.013672 0.012695
0 0.232910 0.032227 0.006836 0.009766
0 0.122559 0.032227 0.006836 0.011719
0 0.246094 0.028809 0.013672 0.006836
0 0.430664 0.030273 0.005859 0.011719
0 0.683105 0.034668 0.014648 0.024414
0 0.534180 0.031738 0.021484 0.018555
0 0.160156 0.026855 0.007812 0.008789
0 0.735840 0.029785 0.010742 0.016602
0 0.832520 0.024902 0.008789 0.008789
0 0.780273 0.031250 0.005859 0.021484
0 0.257812 0.035645 0.011719 0.034180
0 0.437500 0.022461 0.011719 0.011719
0 0.968750 0.024902 0.009766 0.018555
0 0.450195 0.029785 0.011719 0.028320
0 0.914551 0.024902 0.014648 0.022461
0 0.180664 0.018066 0.011719 0.014648
0 0.724609 0.020020 0.009766 0.020508
0 0.361816 0.017090 0.012695 0.014648
0 0.295898 0.021484 0.013672 0.023438
0 0.196289 0.016602 0.019531 0.013672
0 0.996094 0.017090 0.007812 0.016602
0 0.321777 0.015625 0.008789 0.013672
0 0.983887 0.021973 0.016602 0.030273
0 0.441895 0.011719 0.006836 0.009766
0 0.244141 0.016113 0.013672 0.022461
0 0.711914 0.007812 0.007812 0.007812
0 0.707520 0.017090 0.020508 0.030273
0 0.205566 0.004883 0.008789 0.007812
0 0.903320 0.009277 0.019531 0.018555
0 0.863281 0.014160 0.013672 0.028320
0 0.850586 0.009277 0.013672 0.018555
0 0.827637 0.011719 0.032227 0.023438
0 0.780762 0.005371 0.006836 0.010742
0 0.744141 0.004395 0.005859 0.008789
0 0.691895 0.015625 0.020508 0.031250
0 0.667969 0.013672 0.017578 0.027344
0 0.652832 0.009766 0.010742 0.019531
0 0.626465 0.013184 0.014648 0.026367
0 0.563477 0.007812 0.017578 0.015625
0 0.471680 0.006836 0.015625 0.013672
0 0.457031 0.006348 0.005859 0.012695
0 0.412598 0.009766 0.010742 0.019531
0 0.406250 0.015137 0.017578 0.030273
0 0.379883 0.024902 0.015625 0.049805
0 0.335938 0.014648 0.025391 0.029297
0 0.310059 0.012695 0.010742 0.025391
0 0.287598 0.006836 0.010742 0.013672
0 0.247070 0.005371 0.009766 0.010742
0 0.052734 0.005859 0.019531 0.011719
